Voltage Data
-0.299
0.044
-0.172
0.203
0.075
0.018
-0.053
0.280
0.242
0.203
-0.135
0.282
0.199
0.087
-0.032
-0.200
-0.148
0.022
-0.102
-0.085
0.415
0.095
-0.095
-0.157
-0.149
0.079
0.177
0.207
0.232
0.241
-0.018
0.287
0.165
0.112
-0.059
0.278
0.389
0.407
0.243
0.119
0.469
0.386
0.529
0.517
0.291
0.060
0.257
0.128
0.510
0.124
0.472
0.517
0.615
0.623
0.396
0.270
0.201
0.226
0.557
0.074
0.291
0.127
0.484
0.117
0.095
0.647
0.267
0.272
0.467
0.535
0.629
0.568
0.429
0.268
0.597
0.438
0.438
0.739
0.622
0.246
0.547
0.425
0.640
0.571
0.555
0.434
0.315
0.365
0.491
0.724
0.558
0.848
0.711
0.474
0.374
0.673
0.580
0.329
0.717
0.606
0.397
0.885
0.406
0.870
0.749
0.521
0.601
0.394
0.938
0.774
0.462
0.902
0.875
0.737
0.509
0.507
0.897
0.697
0.512
0.727
0.870
0.680
0.610
0.790
0.864
0.914
0.900
0.758
0.553
0.706
0.992
0.518
0.814
0.907
0.771
0.584
1.097
1.086
0.869
0.754
0.835
0.783
1.072
0.760
0.850
0.746
1.178
0.773
1.044
0.947
0.730
1.075
1.129
0.869
0.938
1.177
0.666
1.252
1.005
0.698
0.992
0.796
1.191
1.068
1.092
0.822
1.215
0.790
0.788
1.174
0.922
1.305
0.918
0.954
0.842
1.204
1.271
1.201
1.143
1.237
0.946
0.887
0.808
0.849
1.303
1.336
0.957
0.906
1.175
0.858
0.923
1.134
1.318
1.285
1.205
0.930
1.153
1.019
1.321
1.084
1.177
1.061
1.274
1.253
1.317
1.042
1.254
1.536
1.381
1.525
1.090
1.184
1.095
1.591
1.274
1.605
1.071
1.393
1.081
1.293
1.595
1.072
1.585
1.228
1.197
1.528
1.319
1.200
1.462
1.453
1.368
1.382
1.468
1.496
1.634
1.624
1.508
1.571
1.484
1.376
1.267
1.606
1.502
1.718
1.327
1.300
1.556
1.618
1.556
1.422
1.514
1.271
1.674
1.603
1.614
1.662
1.736
1.349
1.611
1.792
1.824
1.652
1.726
1.321
1.702
1.893
1.502
1.661
1.509
1.436
1.403
1.865
1.860
1.802
1.455
1.564
1.421
1.426
1.770
1.884
1.725
1.672
1.655
1.595
1.701
1.728
1.525
1.633
1.888
1.640
1.953
2.039
1.993
1.910
1.661
2.054
1.570
1.539
1.976
1.826
1.883
2.097
1.573
2.061
1.934
1.740
1.616
1.862
1.701
1.745
2.129
1.914
1.987
1.664
1.897
1.834
1.911
2.095
1.931
1.860
2.050
1.962
2.013
1.892
1.664
2.091
1.733
2.052
2.203
1.986
2.145
2.001
1.936
2.186
2.052
1.941
2.306
2.117
1.850
1.975
1.835
2.208
2.339
2.141
1.797
1.984
1.826
2.181
1.883
2.318
2.334
2.180
2.261
2.346
1.849
1.921
2.276
2.228
1.994
1.909
1.976
2.256
2.092
2.085
2.120
2.301
2.392
2.401
2.239
2.295
2.413
2.481
2.033
2.330
2.200
2.116
2.052
2.489
2.022
2.245
2.338
2.181
2.334
2.147
2.204
2.090
2.514
2.116
2.212
2.520
2.590
2.533
2.511
2.440
2.293
2.597
2.225
2.612
2.238
2.256
2.438
2.709
2.156
2.178
2.450
2.398
2.204
2.308
2.694
2.305
2.259
2.252
2.742
2.237
2.223
2.235
2.408
2.761
2.457
2.484
2.798
2.738
2.562
2.753
2.669
2.498
2.421
2.274
2.592
2.856
2.528
2.439
2.652
2.459
2.723
2.885
2.585
2.864
2.340
2.906
2.708
2.825
2.705
2.450
2.504
2.606
2.385
2.639
2.444
2.796
2.919
2.451
2.904
2.821
2.844
2.917
2.759
2.858
2.538
2.872
2.901
2.937
2.495
3.003
2.875
2.918
2.551
2.837
3.080
2.552
2.688
2.616
3.124
2.912
2.721
3.105
2.778
2.980
2.701
2.669
2.725
2.900
3.134
2.662
3.146
2.875
2.664
3.091
2.730
3.218
3.105
3.167
2.777
2.930
2.665
3.118
2.742
2.922
2.872
3.287
2.720
2.854
2.822
2.863
2.813
3.099
3.263
3.301
2.861
3.217
3.142
3.155
3.312
3.046
3.331
3.182
2.880
3.177
3.143
3.060
3.379
3.143
3.171
3.152
2.989
3.080
3.058
2.875
3.336
2.983
2.913
3.110
3.236
2.930
3.012
2.993
3.292
3.183
3.279
3.341
3.193
3.345
3.178
3.447
3.306
3.077
3.532
3.494
3.209
3.572
3.097
3.529
3.341
3.268
3.385
3.439
3.050
3.197
3.187
3.282
3.580
3.475
3.491
3.598
3.301
3.310
3.619
3.268
3.321
3.436
3.312
3.546
3.558
3.559
3.566
3.212
3.254
3.303
3.554
3.698
3.377
3.473
3.234
3.718
3.301
3.496
3.584
3.460
3.615
3.262
3.262
3.265
3.242
3.444
3.421
3.660
3.333
3.490
3.300
3.670
3.705
3.395
3.698
3.657
3.686
3.625
3.363
3.637
3.345
3.906
3.605
3.915
3.775
3.663
3.757
3.771
3.584
3.600
3.402
3.864
3.485
3.426
3.581
3.871
3.534
3.605
3.708
3.428
3.693
3.739
3.804
3.901
3.692
3.666
3.968
4.033
3.847
4.078
3.517
3.828
4.014
3.734
3.691
3.683
3.534
3.891
3.764
3.546
3.559
3.820
4.067
4.120
3.804
4.005
3.941
4.065
4.111
3.941
3.954
3.650
4.084
3.891
3.974
3.978
3.972
4.125
4.045
3.853
3.659
3.818
3.869
3.808
4.137
3.903
4.208
3.761
4.132
4.080
4.244
3.823
4.040
4.266
4.198
4.315
3.860
4.288
4.231
4.330
4.273
4.303
4.152
3.891
4.156
3.950
3.947
4.241
4.281
3.916
4.247
4.113
3.879
4.319
4.354
3.921
4.036
4.201
4.147
4.326
3.989
4.316
4.482
3.899
4.284
4.316
4.011
3.956
4.083
4.329
4.432
4.268
4.162
4.413
4.090
4.339
4.100
4.090
4.555
4.147
3.997
4.451
4.086
4.028
4.011
4.220
4.403
4.228
4.276
4.283
4.093
4.371
4.469
4.257
4.454
4.591
4.392
4.418
4.114
4.367
4.248
4.354
4.621
4.401
4.167
4.459
4.551
4.598
4.654
4.652
4.322
4.671
4.545
4.611
4.665
4.633
4.702
4.729
4.737
4.508
4.465
4.271
4.424
4.711
4.479
4.330
4.234
4.633
4.708
4.288
4.309
4.492
4.676
4.756
4.369
4.368
4.316
4.500
4.309
4.890
4.697
4.346
4.868
4.707
4.589
4.348
4.486
4.581
4.743
4.826
4.375
4.863
4.456
4.758
4.713
4.978
4.672
4.528
4.585
4.879
4.621
4.709
4.791
4.493
5.027
4.895
4.538
4.726
4.885
5.062
4.934
4.859
4.852
5.052
4.903
4.669
4.841
4.680
4.840
4.944
4.669
4.855
4.827
5.108
4.944
5.007
4.927
4.826
5.043
5.016
5.167
4.702
4.962
5.136
4.950
5.152
4.909
4.905
4.886
5.155
5.191
4.742
4.788
4.764
5.086
5.218
5.033
4.689
5.054
4.695
5.013
5.011
4.958
4.732
5.298
4.782
5.071
4.746
4.825
5.122
4.931
4.926
5.134
4.993
5.009
4.890
5.170
4.868
5.072
5.083
5.265
5.050
4.796
5.003
5.029
4.886
5.311
5.260
5.359
5.216
5.225
5.149
5.286
5.293
5.430
5.141
5.084
4.939
5.419
5.375
5.160
4.957
5.419
5.359
4.931
5.163
5.479
4.964
5.027
5.060
5.008
5.298
5.019
5.325
5.307
5.378
5.408
5.523
5.381
5.163
5.475
5.221
5.598
5.468
5.132
5.117
5.253
5.134
5.379
5.153
5.616
5.159
5.280
5.238
5.133
5.185
5.099
5.539
5.538
5.615
5.092
5.365
5.357
5.587
5.388
5.413
5.571
5.270
5.467
5.192
5.695
5.683
5.666
5.192
5.456
5.546
5.620
5.630
5.335
5.733
5.667
5.317
5.534
5.238
5.525
5.691
5.644
5.242
5.671
5.569
5.791
5.773
5.730
5.441
5.499
5.557
5.304
5.669
5.283
5.748
5.746
5.429
5.395
5.342
5.714
5.336
5.529
5.746
5.811
5.599
5.931
5.728
5.529
5.643
5.886
5.414
5.432
5.462
5.467
5.937
5.576
5.620
Voltage Data
5.889
5.434
5.899
5.560
5.959
5.579
5.592
5.560
5.578
5.953
5.975
5.988
5.967
5.831
5.495
5.579
5.590
5.698
5.759
5.606
6.036
5.878
5.837
6.061
5.832
5.962
6.128
6.115
6.059
6.047
5.636
5.777
5.728
5.665
6.152
6.017
6.007
5.600
5.974
6.079
6.038
6.092
5.681
6.042
5.841
6.011
6.175
6.164
5.654
6.104
5.914
5.654
5.792
5.911
5.758
6.221
5.975
5.824
6.136
6.232
5.821
5.717
6.165
5.844
6.046
6.200
6.232
5.925
6.054
6.331
6.262
6.133
5.887
6.242
5.982
5.984
5.790
6.110
6.017
5.855
5.983
6.332
5.918
6.366
5.882
6.321
6.353
6.089
5.959
6.212
6.172
6.215
6.099
5.860
6.373
5.943
6.024
6.044
6.282
6.215
6.458
6.252
6.365
6.150
6.392
6.350
5.992
6.225
5.932
5.929
6.378
6.134
6.480
6.221
6.409
5.983
6.336
5.976
6.376
6.553
6.276
6.404
6.145
6.483
6.383
6.358
6.162
6.515
6.289
6.467
6.233
6.036
6.318
6.412
6.283
6.276
6.067
6.228
6.417
6.594
6.328
6.632
6.307
6.402
6.093
6.676
6.615
6.363
6.525
6.309
6.475
6.418
6.459
6.151
6.359
6.277
6.704
6.662
6.729
6.521
6.510
6.210
6.413
6.357
6.477
6.231
6.712
6.374
6.665
6.760
6.558
6.340
6.382
6.555
6.748
6.378
6.413
6.673
6.761
6.384
6.365
6.523
6.793
6.608
6.285
6.870
6.312
6.653
6.440
6.392
6.365
6.438
6.601
6.884
6.342
6.365
6.524
6.494
6.640
6.630
6.587
6.899
6.709
6.528
6.643
6.603
6.937
6.700
6.876
6.856
6.865
6.744
6.915
6.588
6.965
6.567
6.977
6.846
6.496
6.889
6.712
6.538
6.453
6.466
6.718
6.967
6.536
6.467
6.590
6.958
6.950
6.944
6.875
6.664
6.958
7.046
7.003
6.648
6.806
6.525
6.561
6.538
6.738
6.957
6.778
6.645
6.720
6.655
6.997
6.635
6.594
6.878
6.783
7.056
6.671
7.120
6.663
6.606
6.702
7.088
6.751
6.948
6.818
6.938
7.017
7.145
7.186
7.198
6.699
6.731
6.979
7.128
7.190
6.700
7.184
7.159
6.902
7.003
7.081
6.953
6.855
7.260
7.284
7.136
7.060
6.871
6.791
6.835
7.081
7.017
6.942
6.871
7.024
7.157
7.314
7.152
7.343
6.901
7.070
6.908
7.309
7.065
6.975
7.105
7.129
6.993
7.004
6.901
6.978
6.939
7.366
7.260
7.304
7.215
7.241
6.995
7.297
6.879
7.278
7.365
7.058
6.884
7.152
6.878
7.373
7.245
7.203
7.245
7.228
7.357
7.279
7.317
7.359
7.428
7.006
7.169
7.391
6.936
7.190
6.956
7.239
7.101
6.984
7.094
7.541
7.259
7.328
7.006
7.188
7.545
7.491
7.182
7.129
7.161
7.022
7.591
7.103
7.045
7.140
7.192
7.488
7.410
7.074
7.186
7.114
7.166
7.378
7.151
7.427
7.116
7.328
7.515
7.264
7.102
7.241
7.492
7.603
7.424
7.608
7.140
7.572
7.699
7.484
7.478
7.468
7.471
7.235
7.710
7.265
7.156
7.278
7.291
7.386
7.623
7.313
7.694
7.385
7.598
7.290
7.201
7.536
7.390
7.398
7.586
7.775
7.327
7.735
7.409
7.777
7.608
7.333
7.385
7.433
7.543
7.402
7.363
7.295
7.303
7.668
7.753
7.653
7.746
7.262
7.557
7.628
7.831
7.448
7.641
7.729
7.809
7.836
7.790
7.660
7.483
7.774
7.398
7.637
7.729
7.556
7.919
7.388
7.577
7.351
7.750
7.497
7.447
7.486
7.466
7.874
7.819
7.393
7.658
7.405
7.952
7.430
7.722
7.964
7.734
7.921
7.642
7.643
7.653
7.804
7.906
7.983
7.589
7.425
7.797
7.460
7.828
7.691
8.014
7.808
7.570
7.701
7.661
7.834
7.949
7.470
7.534
7.711
7.645
7.672
7.980
8.002
7.680
7.615
7.839
7.785
8.104
7.771
7.736
7.769
7.753
7.873
8.056
7.735
7.772
8.110
7.849
7.798
7.915
8.020
7.608
7.652
7.689
7.620
7.762
7.859
7.956
7.782
7.634
7.958
7.679
7.765
8.095
7.867
8.204
7.743
7.679
7.930
7.780
7.630
7.974
8.095
7.700
8.221
7.864
8.188
7.963
7.786
7.838
7.947
7.850
7.916
8.129
8.179
7.911
7.937
8.119
8.129
7.746
7.743
8.150
8.209
8.087
7.924
7.997
7.772
7.968
7.835
7.931
8.277
7.870
7.922
7.832
7.948
7.855
7.913
7.877
7.860
7.961
7.803
8.068
8.348
8.259
8.045
8.328
7.891
8.076
8.073
8.213
7.946
8.362
7.970
7.986
8.303
8.305
8.195
8.297
7.828
7.983
8.003
8.405
8.352
8.150
8.268
8.000
8.402
8.148
7.913
8.355
7.909
8.036
8.100
8.259
8.185
8.139
7.967
8.471
7.935
7.896
8.445
8.147
8.356
8.018
7.970
8.166
8.322
8.235
8.416
8.427
8.091
8.231
8.457
8.027
8.524
8.267
8.080
7.991
8.077
8.076
8.076
8.083
8.541
8.326
8.416
8.153
8.387
8.454
8.539
8.546
8.499
8.151
8.062
8.039
8.547
8.097
8.547
8.230
8.592
8.250
8.223
8.438
8.563
8.261
8.296
8.444
8.203
8.335
8.365
8.533
8.531
8.506
8.353
8.560
8.402
8.237
8.282
8.109
8.626
8.540
8.307
8.258
8.218
8.289
8.128
8.630
8.253
8.349
8.197
8.638
8.481
8.589
8.240
8.396
8.585
8.391
8.516
8.620
8.245
8.337
8.724
8.575
8.271
8.673
8.187
8.607
8.186
8.245
8.220
8.505
8.517
8.498
8.313
8.231
8.370
8.229
8.440
8.277
8.350
8.695
8.510
8.369
8.804
8.764
8.290
8.390
8.647
8.508
8.406
8.438
8.550
8.724
8.551
8.284
8.744
8.582
8.314
8.561
8.826
8.695
8.548
8.537
8.820
8.601
8.494
8.808
8.676
8.357
8.590
8.356
8.459
8.622
8.772
8.522
8.818
8.752
8.587
8.527
8.579
8.668
8.547
8.702
8.660
8.618
8.833
8.445
8.343
8.405
8.367
8.478
8.501
8.597
8.778
8.622
8.439
8.688
8.879
8.851
8.501
8.927
8.563
8.464
8.745
8.390
8.959
8.711
8.624
8.401
8.539
8.931
8.758
8.496
8.417
8.731
8.963
8.807
8.553
8.664
9.003
8.484
8.668
8.735
8.635
8.634
8.815
8.592
8.619
8.768
8.989
8.740
8.652
8.863
8.737
8.813
8.714
9.022
8.544
8.873
8.566
8.628
8.549
8.545
8.900
8.985
8.786
8.766
8.889
8.750
8.886
8.564
9.005
8.731
9.039
8.827
9.095
8.756
8.957
8.903
8.752
9.018
9.044
8.573
8.983
8.757
8.684
9.036
9.018
8.715
8.891
8.660
8.632
9.015
8.811
8.733
8.670
8.897
8.717
8.766
8.712
8.975
9.001
8.987
8.973
8.623
8.790
9.166
8.789
8.784
8.699
8.825
8.772
9.185
8.753
8.770
8.991
9.072
8.970
8.786
9.053
8.831
9.059
8.646
9.055
9.016
8.716
9.074
8.873
8.961
9.168
9.007
8.951
8.675
9.062
8.993
8.874
9.010
9.127
8.684
8.673
9.003
9.126
8.849
9.158
9.185
9.121
8.867
9.014
8.936
8.756
8.931
8.758
9.103
8.802
9.121
9.112
9.154
9.246
9.170
9.060
8.879
8.789
8.885
9.167
9.316
9.024
8.863
9.217
9.106
8.950
9.033
9.344
8.972
9.319
8.884
9.132
9.102
8.845
9.318
9.037
9.150
8.796
9.162
9.216
8.833
9.166
8.897
8.920
9.221
9.380
9.238
9.324
9.119
9.327
9.316
9.166
9.231
9.239
8.894
9.259
8.899
9.052
9.180
9.243
9.314
9.349
8.858
9.059
9.186
9.119
9.099
9.287
9.180
9.036
9.186
9.055
9.290
8.891
8.902
9.445
8.875
9.088
8.917
9.103
9.117
9.020
9.132
8.997
9.021
9.251
9.404
9.398
9.142
9.121
9.015
9.457
9.324
9.087
9.318
9.248
9.261
9.427
9.301
9.035
8.961
9.217
9.329
9.243
8.913
9.213
9.183
9.492
9.445
9.335
9.063
8.979
9.079
9.201
9.287
Voltage Data
8.954
9.158
8.998
9.529
9.376
8.958
8.938
9.346
9.513
9.365
9.394
9.030
9.354
9.316
9.348
9.538
8.997
9.500
9.474
9.337
9.495
9.308
9.056
9.506
9.313
9.128
9.078
9.350
9.477
9.380
9.495
9.251
9.573
9.381
9.412
9.023
9.480
9.440
9.578
9.496
9.185
9.069
9.124
9.177
9.572
9.511
9.157
9.138
9.530
9.271
9.138
9.573
9.469
9.253
9.246
9.357
9.403
9.590
9.469
9.471
9.264
9.363
9.622
9.413
9.234
9.297
9.417
9.460
9.339
9.447
9.209
9.113
9.090
9.137
9.326
9.164
9.445
9.573
9.220
9.553
9.438
9.615
9.128
9.221
9.368
9.492
9.495
9.140
9.299
9.366
9.656
9.140
9.355
9.140
9.398
9.283
9.563
9.584
9.534
9.431
9.126
9.209
9.692
9.355
9.487
9.535
9.644
9.611
9.656
9.398
9.398
9.548
9.568
9.345
9.562
9.282
9.336
9.139
9.615
9.577
9.385
9.260
9.176
9.288
9.505
9.591
9.328
9.287
9.426
9.588
9.475
9.348
9.559
9.723
9.385
9.309
9.680
9.503
9.514
9.359
9.633
9.651
9.644
9.411
9.207
9.539
9.750
9.575
9.463
9.275
9.507
9.310
9.686
9.343
9.765
9.664
9.415
9.368
9.416
9.572
9.737
9.722
9.348
9.641
9.499
9.756
9.737
9.573
9.218
9.348
9.365
9.668
9.349
9.367
9.408
9.746
9.690
9.346
9.395
9.340
9.781
9.353
9.767
9.698
9.271
9.557
9.348
9.438
9.329
9.687
9.754
9.403
9.251
9.671
9.652
9.557
9.552
9.445
9.291
9.268
9.691
9.245
9.422
9.416
9.319
9.549
9.431
9.680
9.595
9.585
9.794
9.636
9.667
9.591
9.286
9.421
9.254
9.710
9.846
9.596
9.433
9.536
9.333
9.562
9.366
9.585
9.483
9.564
9.665
9.693
9.685
9.631
9.336
9.837
9.703
9.299
9.403
9.566
9.348
9.854
9.544
9.742
9.639
9.738
9.641
9.778
9.449
9.876
9.792
9.481
9.374
9.345
9.859
9.870
9.634
9.353
9.327
9.485
9.526
9.547
9.730
9.773
9.649
9.819
9.631
9.839
9.419
9.434
9.404
9.561
9.491
9.429
9.801
9.771
9.815
9.541
9.569
9.873
9.333
9.779
9.487
9.619
9.441
9.710
9.484
9.414
9.835
9.596
9.819
9.861
9.666
9.411
9.584
9.727
9.809
9.908
9.899
9.629
9.374
9.353
9.669
9.841
9.680
9.687
9.675
9.497
9.801
9.561
9.858
9.402
9.911
9.366
9.583
9.539
9.548
9.335
9.525
9.462
9.805
9.631
9.374
9.871
9.577
9.680
9.607
9.764
9.682
9.693
9.706
9.460
9.569
9.810
9.889
9.684
9.834
9.827
9.917
9.811
9.467
9.728
9.659
9.857
9.847
9.790
9.768
9.725
9.592
9.882
9.945
9.676
9.508
9.717
9.766
9.742
9.929
9.696
9.522
9.666
9.482
9.887
9.463
9.452
9.796
9.778
9.698
9.738
9.963
9.965
9.725
9.675
9.682
9.395
9.868
9.904
9.700
9.524
9.373
9.930
9.861
9.431
9.451
9.885
9.602
9.831
9.413
9.570
9.384
9.420
9.597
9.380
9.514
9.721
9.825
9.590
9.641
9.447
9.875
9.616
9.571
9.940
9.738
9.719
9.904
9.732
9.523
9.575
9.523
9.759
9.776
9.778
9.840
9.684
9.691
9.490
9.637
9.668
9.977
9.919
9.400
9.431
9.443
9.622
9.579
9.948
9.888
9.733
9.686
9.626
9.941
9.703
9.458
9.907
9.641
9.842
9.988
9.528
9.409
9.671
9.463
9.605
9.596
9.959
9.405
9.958
9.862
9.859
9.859
9.844
9.763
9.421
9.426
9.727
9.814
9.476
9.567
9.835
9.594
9.605
9.702
9.943
9.963
9.952
9.914
9.739
9.961
9.812
9.581
9.992
9.652
9.962
9.760
9.692
9.497
9.832
9.427
9.592
9.700
9.530
9.407
9.493
9.720
9.579
9.908
9.726
9.608
9.399
9.469
9.570
9.728
9.399
9.858
9.445
9.950
9.883
9.525
9.630
9.668
9.864
9.924
9.949
9.723
9.786
9.550
9.767
9.786
9.828
9.972
9.742
9.486
9.608
9.914
9.866
9.843
9.964
9.883
9.464
9.470
9.414
9.964
9.663
9.520
9.781
9.517
9.597
9.854
9.787
9.970
9.490
9.778
9.504
9.651
9.444
9.634
9.851
9.857
9.896
9.812
9.641
9.696
9.781
9.447
9.567
9.506
9.535
9.769
9.415
9.983
9.595
9.984
9.711
9.428
9.737
9.643
9.480
9.632
9.485
9.575
9.524
9.424
9.552
9.750
9.906
9.592
9.741
9.945
9.833
9.406
9.864
9.772
9.439
9.452
9.705
9.749
9.651
9.402
9.789
9.976
9.640
9.434
9.593
9.880
9.452
9.929
9.738
9.812
9.498
9.754
9.410
9.551
9.721
9.753
9.763
9.886
9.711
9.769
9.725
9.957
9.576
9.411
9.775
9.503
9.855
9.886
9.525
9.907
9.671
9.716
9.837
9.390
9.816
9.653
9.550
9.632
9.765
9.429
9.929
9.389
9.503
9.825
9.696
9.568
9.374
9.918
9.792
9.533
9.832
9.399
9.495
9.516
9.696
9.382
9.453
9.688
9.595
9.639
9.872
9.377
9.610
9.456
9.806
9.578
9.589
9.456
9.576
9.657
9.548
9.583
9.690
9.777
9.632
9.579
9.481
9.953
9.448
9.572
9.626
9.480
9.849
9.890
9.773
9.611
9.773
9.522
9.637
9.453
9.630
9.542
9.598
9.358
9.615
9.524
9.543
9.354
9.673
9.849
9.802
9.716
9.669
9.743
9.924
9.623
9.893
9.750
9.727
9.779
9.877
9.665
9.569
9.561
9.808
9.447
9.496
9.374
9.559
9.526
9.589
9.368
9.600
9.624
9.371
9.796
9.407
9.715
9.812
9.572
9.452
9.832
9.775
9.515
9.362
9.351
9.450
9.621
9.562
9.659
9.610
9.861
9.565
9.438
9.646
9.853
9.630
9.667
9.424
9.682
9.574
9.785
9.487
9.645
9.615
9.704
9.877
9.376
9.471
9.317
9.296
9.532
9.377
9.400
9.664
9.301
9.833
9.745
9.807
9.504
9.582
9.627
9.528
9.760
9.382
9.426
9.601
9.478
9.700
9.541
9.732
9.557
9.306
9.583
9.828
9.542
9.655
9.398
9.422
9.731
9.864
9.512
9.398
9.377
9.768
9.540
9.654
9.268
9.455
9.357
9.850
9.854
9.566
9.763
9.296
9.579
9.768
9.661
9.494
9.602
9.673
9.655
9.416
9.762
9.613
9.500
9.630
9.760
9.565
9.314
9.333
9.436
9.609
9.778
9.439
9.493
9.615
9.234
9.348
9.550
9.767
9.708
9.356
9.690
9.596
9.372
9.348
9.363
9.534
9.664
9.706
9.232
9.673
9.787
9.290
9.205
9.721
9.605
9.427
9.444
9.664
9.254
9.753
9.411
9.701
9.684
9.659
9.312
9.577
9.658
9.572
9.629
9.481
9.420
9.620
9.480
9.621
9.354
9.538
9.705
9.456
9.652
9.737
9.421
9.692
9.509
9.587
9.738
9.626
9.465
9.473
9.182
9.534
9.415
9.644
9.316
9.502
9.495
9.417
9.708
9.581
9.382
9.366
9.527
9.278
9.605
9.254
9.336
9.461
9.202
9.138
9.338
9.280
9.336
9.403
9.666
9.591
9.387
9.357
9.556
9.489
9.338
9.141
9.207
9.230
9.185
9.188
9.360
9.142
9.568
9.590
9.399
9.421
9.168
9.593
9.213
9.404
9.668
9.590
9.610
9.405
9.402
9.238
9.342
9.522
9.121
9.442
9.105
9.101
9.181
9.472
9.199
9.644
9.578
9.321
9.393
9.273
9.547
9.184
9.092
9.520
9.153
9.573
9.147
9.364
9.573
9.331
9.197
9.077
9.109
9.281
9.102
9.608
9.634
9.147
9.538
9.067
9.506
9.110
9.524
9.620
9.047
9.020
9.149
9.393
9.431
9.425
9.261
9.454
9.479
9.250
9.205
9.306
9.396
9.081
9.356
9.540
9.147
9.479
9.333
9.481
9.321
9.094
9.251
9.497
9.373
9.394
9.091
9.366
9.281
9.181
9.350
9.417
9.529
9.510
9.233
9.404
9.437
9.181
9.175
9.434
8.953
9.026
9.138
9.136
9.136
9.348
9.478
9.353
9.236
9.154
9.421
8.972
9.392
9.517
Voltage Data
9.343
8.963
9.085
9.325
9.513
9.041
9.133
8.947
9.054
9.028
9.171
9.468
9.223
9.317
9.031
9.237
9.142
9.342
8.932
9.367
9.473
9.216
9.107
8.928
9.205
9.273
9.176
9.293
9.203
9.071
9.103
8.959
8.908
8.972
9.033
8.906
9.254
9.283
9.240
9.219
9.351
8.856
9.306
9.238
9.432
8.939
8.941
9.360
9.412
9.173
8.976
9.347
8.934
9.322
8.933
9.090
9.074
9.041
9.300
9.049
8.965
9.072
8.929
9.145
8.919
9.154
9.272
9.321
9.113
9.049
9.277
9.329
8.799
9.176
9.263
9.185
8.917
8.846
8.787
9.033
9.279
8.795
9.035
9.261
9.190
8.795
8.936
9.024
9.265
8.863
9.134
8.796
8.936
9.035
8.838
9.119
8.792
9.011
9.051
8.774
9.231
9.269
9.010
8.926
9.201
8.931
8.765
9.093
9.080
9.183
8.887
9.261
8.884
9.140
8.856
8.820
8.853
8.947
8.927
8.839
9.003
8.817
9.196
8.927
8.692
9.188
8.893
8.845
8.787
9.111
9.212
9.086
9.093
9.239
8.901
9.179
9.004
8.733
9.128
8.762
8.869
9.064
9.048
8.967
9.208
8.615
9.179
8.957
8.881
8.861
8.816
8.962
8.956
8.848
8.600
8.651
8.948
8.730
8.649
8.605
8.809
8.691
8.592
9.098
8.726
9.023
8.903
8.572
8.698
9.060
9.062
8.612
8.971
8.972
8.574
8.592
9.077
9.090
8.737
8.822
8.974
8.986
8.605
8.939
8.836
8.771
8.652
9.000
8.566
8.827
8.957
8.998
9.004
8.658
8.822
8.870
8.701
8.855
9.064
8.913
9.016
9.062
8.871
8.484
8.819
8.956
8.662
8.898
8.760
8.707
8.457
8.782
8.775
8.740
8.987
8.636
8.599
8.869
8.654
8.621
8.751
9.015
8.959
8.546
8.566
8.589
8.925
8.478
8.936
8.538
8.927
8.724
8.536
8.957
8.652
8.834
8.390
8.637
8.801
8.560
8.771
8.476
8.460
8.626
8.472
8.910
8.953
8.836
8.444
8.695
8.900
8.581
8.851
8.399
8.493
8.486
8.728
8.527
8.918
8.621
8.690
8.645
8.727
8.649
8.478
8.830
8.896
8.339
8.805
8.404
8.576
8.379
8.668
8.673
8.660
8.759
8.797
8.651
8.783
8.840
8.813
8.268
8.277
8.768
8.759
8.652
8.691
8.576
8.571
8.384
8.615
8.813
8.367
8.715
8.794
8.451
8.509
8.638
8.688
8.694
8.728
8.215
8.264
8.270
8.250
8.248
8.766
8.407
8.624
8.489
8.255
8.271
8.595
8.678
8.466
8.484
8.312
8.614
8.377
8.290
8.618
8.544
8.220
8.591
8.312
8.457
8.352
8.208
8.537
8.203
8.707
8.614
8.567
8.195
8.239
8.468
8.164
8.416
8.280
8.614
8.572
8.516
8.439
8.267
8.119
8.483
8.545
8.253
8.487
8.498
8.269
8.623
8.433
8.054
8.330
8.105
8.218
8.349
8.516
8.321
8.115
8.419
8.226
8.032
8.074
8.039
8.365
8.328
8.097
8.462
8.299
8.041
8.006
8.396
8.099
8.488
8.561
8.511
7.982
8.018
8.411
8.081
7.980
8.489
8.429
8.236
8.141
8.128
8.317
8.436
8.098
8.307
8.238
8.245
8.110
8.097
8.144
8.211
8.001
8.122
7.982
8.140
7.911
8.371
8.030
7.958
7.892
8.311
8.338
8.257
8.441
8.340
8.349
7.912
8.416
8.321
8.059
7.877
7.838
8.251
8.190
8.336
8.402
8.003
8.346
8.313
7.820
8.182
7.815
8.143
7.799
7.841
7.994
8.271
7.801
8.303
7.895
7.803
7.970
8.032
7.912
8.285
7.778
7.998
7.913
8.109
8.177
8.267
8.221
8.034
8.001
8.083
7.958
7.830
7.827
8.165
8.124
7.922
7.808
8.275
7.873
8.037
7.907
7.795
7.953
7.747
7.844
7.755
7.994
8.098
7.978
7.666
7.989
7.829
7.844
8.191
7.859
7.756
7.756
8.199
7.656
7.831
7.805
7.853
7.686
8.073
7.865
8.067
8.100
8.039
7.724
7.785
7.842
7.662
7.966
8.014
7.923
7.726
7.712
7.865
8.066
7.981
7.654
7.546
7.718
7.790
7.882
7.736
7.683
7.907
7.740
7.704
7.751
8.064
8.017
7.807
7.986
7.986
7.701
7.902
7.843
7.700
7.608
7.937
7.795
7.558
7.709
7.644
7.612
8.039
7.470
7.991
7.792
7.958
7.431
7.725
7.692
7.740
7.531
7.869
7.429
7.985
7.610
7.890
7.733
7.594
7.398
7.610
7.608
7.858
7.814
7.580
7.770
7.611
7.895
7.577
7.744
7.831
7.564
7.354
7.569
7.783
7.577
7.506
7.398
7.503
7.837
7.374
7.548
7.718
7.424
7.444
7.683
7.584
7.543
7.781
7.676
7.554
7.505
7.548
7.651
7.549
7.579
7.334
7.339
7.745
7.612
7.368
7.648
7.558
7.453
7.527
7.390
7.723
7.683
7.605
7.652
7.460
7.690
7.183
7.768
7.631
7.385
7.735
7.175
7.663
7.205
7.324
7.297
7.144
7.285
7.322
7.355
7.686
7.661
7.712
7.453
7.345
7.384
7.394
7.409
7.183
7.391
7.667
7.513
7.293
7.236
7.099
7.466
7.640
7.104
7.560
7.276
7.258
7.635
7.635
7.579
7.551
7.559
7.380
7.156
7.233
7.283
7.257
7.106
7.267
7.022
7.182
7.458
7.321
7.026
7.157
7.472
7.321
7.488
6.997
7.420
6.997
7.274
7.220
7.497
7.425
7.488
7.432
7.038
7.443
6.985
7.253
6.911
7.347
7.262
7.333
7.457
7.360
7.233
7.091
7.232
7.257
7.117
6.931
6.944
7.256
7.349
7.376
7.027
6.954
7.346
6.859
6.838
7.209
6.832
6.819
7.147
6.964
7.342
7.246
7.068
7.100
7.043
7.320
7.333
7.316
6.863
6.882
6.847
6.929
7.267
7.183
6.803
6.988
7.093
7.264
6.945
7.196
7.155
6.991
7.006
7.032
7.263
7.113
6.936
6.968
7.136
7.163
6.957
7.176
7.062
7.166
7.021
6.815
6.809
6.785
6.750
6.696
7.005
6.647
7.218
7.018
6.709
6.713
6.637
7.164
6.791
7.006
6.937
7.060
6.843
6.760
7.086
6.876
7.029
6.738
6.728
6.985
6.808
6.541
6.817
6.748
6.537
7.078
6.797
7.037
6.879
7.014
6.611
6.689
6.627
6.967
6.506
6.770
6.476
6.678
6.893
6.857
6.750
6.499
6.644
6.634
6.603
6.858
6.888
6.575
6.526
6.830
6.670
6.638
6.661
6.859
6.558
6.935
6.949
6.581
6.539
6.889
6.439
6.393
6.508
6.870
6.558
6.699
6.490
6.398
6.680
6.892
6.474
6.507
6.397
6.405
6.629
6.772
6.421
6.882
6.576
6.385
6.335
6.407
6.865
6.374
6.704
6.441
6.554
6.762
6.575
6.798
6.633
6.559
6.272
6.328
6.577
6.380
6.525
6.219
6.794
6.584
6.627
6.591
6.627
6.722
6.456
6.505
6.502
6.400
6.675
6.445
6.258
6.734
6.526
6.605
6.455
6.510
6.140
6.631
6.524
6.623
6.184
6.168
6.510
6.105
6.353
6.440
6.298
6.329
6.344
6.220
6.082
6.078
6.615
6.227
6.144
6.482
6.544
6.298
6.116
6.110
6.338
6.381
6.586
6.416
6.065
6.476
6.031
6.030
6.365
6.392
6.133
6.479
6.041
6.451
6.445
6.055
6.452
6.374
6.294
6.197
5.930
5.916
6.265
5.899
6.136
6.271
6.158
6.131
6.372
6.202
6.165
6.362
5.976
6.341
6.355
6.195
6.411
5.993
6.424
6.187
6.168
5.906
6.185
5.862
5.903
6.123
6.356
6.204
6.131
5.789
5.933
6.232
5.887
6.040
5.899
6.336
6.278
6.016
5.948
6.185
5.744
5.754
5.791
6.287
5.949
5.994
6.104
5.803
6.117
6.049
5.711
5.705
5.932
5.972
6.232
5.671
6.222
5.781
5.805
6.217
5.948
6.166
5.726
5.650
5.716
5.842
6.181
5.744
6.120
5.970
5.937
6.128
5.758
6.008
5.576
6.083
5.810
5.631
5.718
5.741
5.630
6.052
5.810
5.573
5.835
5.608
5.766
5.774
5.742
5.738
5.798
5.627
5.654
6.003
5.529
5.638
5.610
5.492
5.551
5.950
5.738
5.461
5.889
5.613
5.807
5.940
Voltage Data
5.750
5.819
5.508
5.559
5.621
5.479
5.489
5.732
5.885
5.452
5.847
5.654
5.426
5.610
5.703
5.430
5.783
5.636
5.392
5.616
5.739
5.749
5.857
5.478
5.697
5.647
5.599
5.637
5.515
5.662
5.376
5.443
5.583
5.431
5.383
5.504
5.586
5.257
5.730
5.737
5.345
5.470
5.733
5.763
5.193
5.382
5.637
5.208
5.454
5.514
5.700
5.343
5.499
5.707
5.637
5.406
5.546
5.198
5.364
5.262
5.668
5.665
5.245
5.327
5.190
5.324
5.571
5.213
5.326
5.481
5.281
5.234
5.640
5.625
5.052
5.613
5.593
5.467
5.171
5.144
5.349
5.002
5.111
5.537
5.095
5.403
5.425
5.203
5.471
5.436
5.087
5.522
5.345
5.181
5.087
4.924
4.930
5.171
5.399
5.049
5.099
4.927
4.963
4.906
5.463
5.183
4.956
4.896
5.295
5.208
5.225
5.027
5.047
4.907
4.950
5.372
5.358
4.899
5.191
5.114
4.890
5.259
5.220
5.219
5.286
5.136
5.268
5.083
4.805
5.116
5.191
4.794
5.106
4.941
5.090
5.159
4.955
5.077
5.191
5.126
4.710
4.716
5.013
4.966
4.974
4.707
5.137
5.241
4.660
5.022
4.995
5.101
4.663
4.639
4.804
4.975
4.977
4.829
5.051
5.171
5.062
5.169
5.063
4.851
4.895
4.636
4.873
4.913
5.097
4.913
4.696
4.832
4.796
4.872
5.042
4.789
4.596
4.946
4.784
4.954
4.920
4.972
4.996
4.848
4.693
4.611
4.476
4.832
4.446
4.924
4.989
4.877
4.991
4.610
4.925
4.440
4.553
4.495
4.815
4.613
4.714
4.762
4.604
4.365
4.653
4.927
4.713
4.640
4.827
4.840
4.599
4.341
4.397
4.715
4.841
4.353
4.529
4.284
4.666
4.848
4.864
4.456
4.530
4.804
4.726
4.390
4.480
4.600
4.714
4.568
4.312
4.417
4.679
4.565
4.644
4.695
4.524
4.298
4.722
4.386
4.422
4.671
4.481
4.450
4.298
4.387
4.275
4.538
4.562
4.433
4.398
4.501
4.349
4.426
4.417
4.077
4.644
4.124
4.426
4.588
4.155
4.477
4.055
4.205
4.302
4.132
4.336
4.409
4.599
4.373
4.058
4.210
4.181
3.992
4.126
4.549
3.971
4.292
4.335
4.240
4.227
4.501
4.290
4.489
3.958
4.207
4.285
3.939
4.166
3.900
4.054
4.282
3.995
4.009
4.228
4.173
4.342
4.342
4.194
3.912
4.407
4.307
4.204
4.014
3.946
4.024
4.221
3.924
3.908
4.303
4.352
3.816
3.805
3.801
4.154
4.326
4.096
3.938
3.864
4.153
4.158
4.272
4.250
4.176
4.100
3.722
3.908
4.239
4.000
4.141
3.927
4.230
4.024
4.026
3.735
4.020
3.805
4.056
4.050
3.679
3.946
3.862
3.751
3.943
3.817
3.916
3.594
4.149
3.909
3.930
3.577
3.598
3.928
3.865
3.891
3.585
3.678
3.742
4.068
4.037
3.920
3.547
3.637
4.007
4.069
3.622
3.721
3.566
3.487
3.845
3.885
3.738
3.864
3.780
3.851
3.814
3.830
3.896
3.811
3.508
3.690
3.459
3.941
3.874
3.630
3.571
3.451
3.642
3.680
3.764
3.373
3.522
3.792
3.643
3.820
3.705
3.305
3.358
3.528
3.513
3.569
3.620
3.798
3.442
3.385
3.835
3.664
3.544
3.655
3.259
3.396
3.778
3.671
3.772
3.767
3.298
3.658
3.551
3.196
3.698
3.201
3.652
3.582
3.567
3.546
3.583
3.566
3.206
3.439
3.664
3.212
3.237
3.667
3.476
3.652
3.354
3.379
3.376
3.495
3.563
3.345
3.194
3.136
3.347
3.432
3.284
3.160
3.508
3.454
3.236
3.185
3.123
3.081
3.439
3.549
2.962
3.360
2.990
2.958
3.009
3.120
3.341
2.925
3.034
3.044
3.377
3.102
3.453
3.455
3.120
3.146
3.423
3.199
2.958
3.012
3.026
3.094
2.980
2.917
2.859
3.301
3.124
3.272
3.106
2.904
3.324
2.819
3.218
3.052
3.154
3.074
3.033
3.342
3.157
2.912
2.920
3.005
3.156
2.801
3.136
3.168
2.752
3.108
2.994
3.159
2.875
2.797
3.042
2.724
2.811
2.730
3.024
3.127
2.983
3.106
3.057
2.795
3.079
2.834
3.163
2.687
2.836
2.983
2.616
2.644
2.847
2.911
2.627
2.701
3.116
2.592
3.022
2.618
2.727
2.771
3.064
2.809
2.541
2.660
3.044
2.931
2.901
2.987
2.999
2.503
2.449
2.726
3.000
2.826
2.642
2.727
2.546
2.572
2.463
2.752
2.915
2.506
2.920
2.756
2.808
2.723
2.828
2.713
2.546
2.445
2.468
2.814
2.340
2.578
2.617
2.562
2.695
2.468
2.338
2.365
2.693
2.444
2.828
2.569
2.381
2.410
2.721
2.326
2.633
2.657
2.334
2.238
2.703
2.555
2.249
2.373
2.635
2.710
2.329
2.597
2.364
2.638
2.166
2.213
2.247
2.540
2.436
2.257
2.281
2.432
2.182
2.638
2.337
2.409
2.293
2.262
2.466
2.106
2.391
2.154
2.609
2.538
2.014
2.294
2.575
2.358
2.277
2.383
2.197
2.541
2.130
2.068
2.547
2.525
2.182
2.436
2.130
2.412
2.398
2.496
2.105
2.065
2.460
2.074
1.881
2.100
1.886
2.429
2.134
2.416
2.098
2.226
1.979
2.053
2.138
2.365
1.943
2.029
2.217
2.297
1.903
2.341
2.007
1.946
1.990
1.981
1.846
2.046
2.253
2.153
2.172
2.022
1.888
1.751
2.170
2.032
2.193
2.064
1.920
1.685
2.091
1.984
1.856
2.050
1.763
1.884
2.009
1.691
2.040
1.625
2.050
1.726
1.880
1.879
1.606
1.645
2.002
2.022
1.855
2.098
1.998
1.968
1.896
1.769
1.972
1.818
1.676
1.568
2.059
1.891
1.974
2.040
1.854
1.801
1.846
1.830
1.505
1.757
2.000
1.705
1.714
1.744
1.925
1.569
1.974
1.766
1.640
1.571
1.514
1.810
1.877
1.943
1.665
1.704
1.578
1.870
1.516
1.338
1.512
1.631
1.785
1.414
1.498
1.700
1.563
1.599
1.820
1.863
1.665
1.642
1.752
1.836
1.634
1.732
1.561
1.623
1.750
1.658
1.494
1.325
1.273
1.650
1.746
1.624
1.274
1.454
1.691
1.648
1.498
1.728
1.182
1.460
1.396
1.312
1.608
1.660
1.377
1.655
1.098
1.339
1.220
1.153
1.375
1.303
1.288
1.476
1.445
1.175
1.093
1.455
1.020
1.501
1.447
1.191
1.468
1.278
1.163
1.552
1.380
1.421
1.114
1.346
0.956
0.994
1.233
1.306
1.491
0.911
1.472
0.990
0.969
1.341
1.270
1.346
1.447
0.921
1.383
1.407
1.032
1.409
1.403
1.299
1.137
1.288
1.023
1.223
1.215
1.136
0.790
0.779
0.859
1.299
0.781
0.896
1.275
0.860
0.759
0.760
0.803
1.240
0.842
0.968
1.090
1.249
0.830
1.123
1.216
0.699
0.843
0.701
1.148
1.202
0.803
0.978
0.837
0.866
0.804
0.685
0.728
0.924
1.129
1.155
0.809
0.590
0.933
1.026
0.949
0.583
0.955
1.083
0.866
0.624
0.902
1.097
0.687
0.534
1.035
0.829
0.997
1.039
1.012
0.876
0.985
0.722
0.732
0.522
0.775
0.812
0.415
0.857
0.520
0.460
0.477
0.750
0.580
0.791
0.822
0.526
0.753
0.379
0.719
0.929
0.475
0.437
0.686
0.828
0.356
0.561
0.341
0.451
0.375
0.338
0.853
0.396
0.507
0.834
0.548
0.805
0.281
0.295
0.697
0.560
0.669
0.255
0.445
0.271
0.591
0.196
0.322
0.530
0.436
0.560
0.470
0.393
0.689
0.645
0.444
0.158
0.259
0.390
0.518
0.223
0.604
0.383
0.547
0.067
0.443
0.096
0.530
0.547
0.349
0.079
0.111
0.363
0.223
0.318
0.567
0.075
0.531
0.491
0.522
0.318
0.513
0.329
0.345
0.415
0.040
0.406
0.447
0.226
0.130
0.373
0.059
0.020
0.407
0.360
0.294
0.039
-0.107
0.160
0.074
-0.092
0.044
0.120
0.138
0.178
0.199
0.146
0.092
0.158
-0.043
0.156
0.132
0.311
-0.133
0.185
0.198
-0.221
-0.074
-0.124
-0.216
0.314
-0.130
-0.243
0.173
Voltage Data
-0.038
0.174
-0.156
-0.288
-0.193
-0.073
-0.231
0.093
-0.105
0.100
0.168
-0.125
-0.141
-0.018
-0.066
-0.209
0.162
0.092
-0.135
-0.319
-0.326
-0.049
0.120
-0.396
-0.086
-0.186
-0.399
-0.037
-0.351
-0.452
-0.317
-0.009
-0.187
-0.436
0.008
-0.360
0.007
-0.020
-0.436
0.022
-0.043
-0.082
-0.231
-0.360
-0.196
-0.273
-0.031
-0.449
-0.027
-0.367
-0.513
-0.286
-0.081
-0.613
-0.380
-0.343
-0.511
-0.359
-0.076
-0.489
-0.197
-0.597
-0.415
-0.441
-0.420
-0.692
-0.584
-0.267
-0.579
-0.341
-0.323
-0.387
-0.212
-0.632
-0.541
-0.231
-0.243
-0.243
-0.568
-0.419
-0.280
-0.459
-0.718
-0.402
-0.503
-0.634
-0.536
-0.633
-0.779
-0.788
-0.822
-0.628
-0.712
-0.757
-0.409
-0.757
-0.487
-0.599
-0.575
-0.334
-0.825
-0.661
-0.866
-0.462
-0.677
-0.609
-0.428
-0.584
-0.597
-0.636
-0.602
-0.795
-0.824
-0.552
-0.693
-0.682
-0.794
-0.555
-0.674
-0.734
-0.533
-0.598
-0.907
-0.689
-1.036
-0.956
-0.678
-0.870
-0.492
-0.890
-0.611
-0.866
-0.863
-1.038
-0.545
-1.014
-0.656
-1.005
-0.967
-1.045
-1.028
-0.792
-0.764
-0.732
-1.043
-1.145
-0.591
-1.125
-0.813
-0.647
-1.027
-0.998
-0.968
-0.848
-1.208
-0.889
-0.968
-1.049
-0.906
-0.977
-0.898
-1.230
-0.946
-0.951
-0.879
-0.758
-0.746
-0.735
-0.925
-1.144
-1.040
-1.221
-0.762
-1.081
-0.992
-0.866
-1.276
-1.069
-1.367
-1.107
-1.075
-1.014
-1.136
-0.856
-1.240
-0.927
-1.011
-1.427
-0.962
-1.322
-1.283
-0.956
-1.321
-1.416
-1.442
-1.458
-1.118
-1.342
-0.961
-0.996
-1.415
-1.079
-0.932
-1.303
-1.482
-1.105
-1.131
-1.516
-1.020
-1.086
-1.186
-1.189
-1.553
-1.589
-1.044
-1.221
-1.458
-1.553
-1.604
-1.282
-1.530
-1.293
-1.308
-1.564
-1.135
-1.375
-1.564
-1.436
-1.279
-1.139
-1.188
-1.652
-1.215
-1.596
-1.137
-1.459
-1.327
-1.498
-1.530
-1.481
-1.325
-1.490
-1.417
-1.310
-1.674
-1.541
-1.304
-1.489
-1.488
-1.778
-1.484
-1.816
-1.437
-1.511
-1.582
-1.442
-1.271
-1.767
-1.586
-1.718
-1.718
-1.332
-1.333
-1.638
-1.568
-1.812
-1.755
-1.843
-1.491
-1.524
-1.845
-1.640
-1.802
-1.505
-1.837
-1.393
-1.521
-1.665
-1.774
-1.935
-1.553
-1.985
-1.753
-1.969
-1.908
-1.756
-2.017
-1.911
-1.816
-1.581
-1.986
-1.915
-1.647
-1.732
-1.807
-1.970
-1.676
-1.575
-1.891
-1.986
-2.026
-2.079
-1.640
-1.957
-1.813
-1.686
-1.827
-1.941
-1.837
-1.990
-1.618
-1.915
-1.631
-2.087
-1.921
-1.867
-1.822
-1.639
-1.826
-2.173
-2.012
-1.740
-1.650
-2.222
-2.135
-1.984
-1.726
-2.146
-1.696
-2.065
-2.056
-2.002
-1.839
-2.088
-2.182
-2.072
-2.281
-2.122
-2.175
-2.237
-2.217
-1.776
-2.307
-2.268
-2.058
-2.128
-2.301
-2.213
-1.914
-2.403
-1.934
-2.311
-2.059
-2.095
-2.070
-2.213
-1.907
-2.164
-1.916
-1.944
-2.139
-2.191
-2.370
-1.986
-2.295
-2.112
-2.249
-2.512
-2.082
-2.430
-2.077
-2.149
-2.313
-2.513
-2.217
-2.315
-2.323
-2.286
-2.216
-2.494
-2.376
-2.121
-2.567
-2.091
-2.510
-2.031
-2.542
-2.044
-2.144
-2.178
-2.505
-2.626
-2.077
-2.196
-2.556
-2.617
-2.414
-2.539
-2.320
-2.281
-2.250
-2.360
-2.134
-2.721
-2.437
-2.525
-2.631
-2.254
-2.276
-2.268
-2.393
-2.776
-2.257
-2.299
-2.660
-2.759
-2.479
-2.263
-2.572
-2.453
-2.282
-2.363
-2.329
-2.732
-2.733
-2.452
-2.545
-2.750
-2.471
-2.389
-2.783
-2.467
-2.373
-2.393
-2.552
-2.584
-2.351
-2.365
-2.338
-2.569
-2.720
-2.512
-2.565
-2.507
-2.462
-2.472
-2.854
-2.841
-2.632
-2.437
-2.470
-2.958
-3.016
-2.890
-2.531
-2.884
-2.691
-2.863
-2.473
-3.026
-2.800
-2.915
-2.733
-2.636
-2.999
-2.541
-2.546
-2.745
-3.080
-3.016
-3.035
-2.823
-3.013
-2.988
-2.674
-2.919
-2.750
-2.609
-3.097
-2.947
-2.794
-2.931
-2.751
-3.061
-2.696
-3.158
-2.960
-2.788
-2.687
-2.866
-2.685
-2.864
-3.189
-2.800
-2.969
-3.238
-3.230
-2.946
-2.734
-2.996
-2.699
-2.896
-2.722
-2.860
-2.874
-3.197
-2.864
-2.821
-2.939
-3.108
-3.241
-2.766
-3.145
-3.055
-2.940
-2.841
-3.327
-2.999
-3.370
-3.027
-3.217
-3.227
-3.129
-2.865
-2.883
-2.958
-2.998
-3.204
-3.122
-3.285
-3.342
-3.108
-2.944
-3.251
-2.908
-3.406
-2.973
-3.372
-3.489
-3.406
-3.501
-3.000
-3.046
-3.469
-3.021
-3.447
-3.365
-3.562
-3.371
-3.276
-3.423
-3.268
-3.331
-3.045
-3.362
-3.614
-3.585
-3.535
-3.433
-3.545
-3.092
-3.362
-3.604
-3.435
-3.205
-3.361
-3.207
-3.667
-3.141
-3.276
-3.307
-3.447
-3.168
-3.544
-3.378
-3.509
-3.315
-3.681
-3.361
-3.466
-3.747
-3.483
-3.285
-3.460
-3.636
-3.347
-3.744
-3.273
-3.450
-3.308
-3.593
-3.755
-3.311
-3.715
-3.558
-3.711
-3.528
-3.534
-3.739
-3.733
-3.561
-3.405
-3.683
-3.498
-3.723
-3.435
-3.809
-3.419
-3.476
-3.457
-3.670
-3.779
-3.631
-3.545
-3.631
-3.829
-3.894
-3.495
-3.645
-3.589
-3.694
-3.885
-3.902
-3.606
-3.704
-3.811
-3.447
-3.651
-4.017
-3.912
-3.931
-3.972
-3.575
-3.783
-3.789
-3.497
-4.010
-3.596
-3.817
-4.014
-3.910
-3.811
-4.040
-3.908
-4.052
-3.819
-3.840
-3.688
-3.626
-3.581
-3.838
-3.887
-3.786
-3.706
-4.092
-3.756
-3.956
-3.852
-3.724
-4.153
-3.630
-3.867
-3.717
-3.836
-4.081
-3.970
-4.202
-3.959
-4.126
-4.181
-3.986
-3.990
-4.178
-4.108
-3.825
-3.839
-3.699
-3.893
-3.799
-3.828
-3.906
-3.828
-4.104
-4.075
-3.852
-4.040
-3.801
-3.940
-4.106
-4.166
-3.844
-4.293
-4.383
-3.802
-4.134
-4.256
-3.931
-4.253
-3.905
-4.183
-4.226
-3.978
-4.209
-4.125
-4.197
-4.444
-4.385
-4.142
-4.314
-4.386
-3.900
-4.120
-4.367
-3.989
-4.430
-4.042
-4.075
-4.191
-4.373
-4.177
-3.951
-4.017
-4.073
-4.333
-4.148
-4.553
-4.330
-4.046
-4.136
-4.452
-4.490
-4.049
-4.520
-4.604
-4.280
-4.276
-4.242
-4.447
-4.287
-4.166
-4.098
-4.549
-4.441
-4.119
-4.396
-4.552
-4.409
-4.260
-4.095
-4.491
-4.658
-4.166
-4.241
-4.599
-4.279
-4.512
-4.452
-4.385
-4.555
-4.700
-4.263
-4.519
-4.751
-4.618
-4.676
-4.507
-4.505
-4.584
-4.342
-4.475
-4.703
-4.442
-4.306
-4.662
-4.427
-4.260
-4.338
-4.331
-4.441
-4.579
-4.806
-4.505
-4.612
-4.487
-4.887
-4.834
-4.538
-4.452
-4.480
-4.395
-4.368
-4.395
-4.833
-4.535
-4.892
-4.532
-4.417
-4.368
-4.491
-4.870
-4.886
-4.419
-4.613
-4.884
-4.451
-4.839
-4.570
-4.659
-4.894
-4.675
-4.531
-4.832
-4.759
-4.828
-4.698
-4.801
-4.951
-4.980
-4.533
-4.957
-4.672
-4.912
-5.032
-4.586
-4.926
-4.715
-4.722
-4.815
-4.722
-4.697
-4.957
-4.636
-4.814
-4.901
-5.002
-4.785
-4.701
-5.023
-4.886
-5.114
-4.719
-4.664
-4.891
-4.832
-4.962
-4.688
-4.685
-5.052
-5.055
-4.823
-4.752
-5.009
-4.925
-4.896
-4.719
-5.212
-5.176
-4.803
-4.855
-5.271
-4.827
-5.239
-4.722
-4.866
-5.227
-4.873
-5.262
-5.219
-5.282
-4.992
-5.300
-5.104
-5.229
-5.308
-5.340
-4.977
-5.279
-4.942
-4.848
-4.864
-4.977
-4.882
-5.289
-5.377
-5.191
-4.938
-5.104
-5.293
-5.374
-5.276
-4.912
-5.085
-5.223
-4.965
-4.916
-5.025
-5.179
-5.219
-4.991
-5.444
-5.274
-4.950
-5.040
-4.989
-5.191
-5.349
-5.301
-5.041
-5.030
-5.080
-5.369
-5.343
-5.450
-5.206
-5.247
-5.005
-5.481
-5.459
-5.372
-5.330
-5.068
-5.541
-5.322
-5.226
-5.260
-5.082
-5.372
-5.458
-5.281
-5.154
-5.191
-5.296
-5.614
-5.536
-5.645
-5.410
-5.531
-5.460
-5.605
-5.383
-5.392
-5.622
-5.135
-5.475
-5.162
-5.377
-5.731
-5.223
-5.258
-5.514
-5.211
-5.504
-5.361
-5.736
-5.517
-5.441
-5.542
-5.426
-5.233
-5.593
-5.303
-5.224
-5.275
-5.794
-5.497
-5.418
-5.554
-5.491
-5.730
-5.845
-5.489
-5.741
-5.796
-5.722
-5.340
-5.728
-5.561
-5.705
-5.656
-5.539
-5.846
-5.787
-5.416
-5.679
-5.915
-5.532
-5.739
-5.460
-5.529
-5.664
-5.945
-5.739
-5.367
-5.509
-5.458
-5.538
-5.971
-5.498
-5.519
-5.834
