Temp Data
48.325
55.252
57.554
64.438
67.869
72.432
75.846
81.522
86.050
89.439
90.568
96.201
99.574
101.820
104.063
105.184
107.425
110.782
111.900
114.135
118.599
117.483
117.483
117.483
118.599
119.714
120.828
119.714
119.714
118.599
115.251
116.368
113.018
109.663
109.663
108.544
105.184
101.820
97.326
97.326
92.823
90.568
86.050
80.388
74.709
72.432
66.726
65.583
57.554
55.252
51.793
48.325
43.687
36.699
32.019
27.321
24.965
16.679
14.300
9.526
8.329
1.118
-2.489
-1.285
-7.363
-11.057
-12.292
-13.530
-14.769
-17.251
-20.986
-23.483
-22.234
-23.483
-24.734
-22.234
-23.483
-25.987
-22.234
-22.234
-19.740
-18.495
-16.009
-14.769
-13.530
-11.057
-7.363
-2.489
-0.088
5.931
8.329
10.722
13.108
20.237
23.785
26.143
33.191
36.699
39.033
47.167
