0.965392
0.462173
0.873098
0.030281
0.020177
0.491050
0.796040
0.998302
0.254885
0.435340
0.190684
0.709093
0.565359
0.851339
0.499029
0.198644
0.308324
0.862025
0.914225
0.517115
0.204013
0.752049
0.719832
0.287804
0.759174
0.949564
0.959538
0.844472
0.468614
0.824839
0.216180
0.388637
0.524468
0.853358
0.661953
0.176095
0.263796
0.874957
0.693974
0.143540
0.294050
0.366361
0.863497
0.641466
0.221225
0.867187
0.936263
0.438520
0.940740
0.028005
0.105917
0.605882
0.189039
0.263869
0.090216
0.038709
0.401272
0.583750
0.167180
0.628846
0.537524
0.927495
0.048910
0.391875
0.072458
0.991205
0.051056
0.855746
0.872197
0.377482
0.347997
0.516735
0.186553
0.863618
0.297056
0.097299
0.640428
0.876679
0.875743
0.683798
0.084369
0.253828
0.043034
0.450632
0.486555
0.400503
0.761686
0.805963
0.471812
0.721493
0.637036
0.913648
0.176526
0.491734
0.079445
0.336023
0.162781
0.195122
0.615019
0.638700
