Channel 1	Channel 2	Channel 3	Channel 4
48.324896	57.094142	61.688404	70.494311
51.446518	57.209171	62.834802	71.292486
52.947039	58.818639	62.490972	71.520466
52.831671	58.244029	63.522234	68.325900
50.522325	58.014123	63.293124	69.353398
55.022076	58.818639	63.522234	69.125120
51.100017	59.048421	65.811498	71.976333
54.215474	60.426377	64.667281	72.887700
53.984933	59.737556	64.552814	73.001587
55.943357	62.261710	67.069189	72.090281
56.749002	62.376345	69.467524	75.277734
55.713092	60.196805	67.754788	72.659904
57.554204	60.885417	69.581643	75.732605
58.703735	64.896191	69.239263	74.140035
55.828229	62.147066	70.608360	73.001587
56.749002	61.688404	70.380255	73.570905
55.597945	65.811498	69.010970	74.936502
58.588821	65.239493	71.976333	77.323730
58.588821	63.522234	71.976333	76.641995
58.933534	67.297754	72.432078	75.391463
59.967198	65.239493	72.773806	78.005205
60.311595	65.582721	70.608360	76.755635
60.196805	67.983257	72.659904	80.501746
62.032413	66.383298	71.520466	79.480848
61.344319	65.582721	74.367635	79.253904
60.196805	69.923953	72.318153	81.408736
63.063980	67.526287	73.912406	78.118758
64.781740	69.581643	73.229337	82.088688
64.552814	69.581643	73.798580	79.367379
65.010633	69.581643	74.026224	81.295387
65.010633	69.695754	74.936502	81.975380
65.239493	71.634444	77.323730	81.975380
63.293124	70.380255	78.232305	80.388341
65.468320	72.090281	76.869269	81.068667
67.754788	73.684746	77.778075	82.541851
66.040243	71.634444	79.594309	82.768392
66.497634	71.634444	80.501746	83.108153
68.097479	73.343201	77.550917	85.484780
69.010970	73.001587	79.253904	86.502440
65.925874	76.073681	79.934651	83.221393
68.554288	73.001587	81.522078	86.163279
69.467524	73.457057	81.975380	84.353421
67.526287	76.187359	80.048084	88.197369
68.782645	74.822744	79.707763	87.745530
71.634444	76.869269	82.088688	88.197369
69.467524	74.822744	79.934651	85.597880
72.318153	78.345845	81.182030	86.163279
71.634444	75.163997	81.182030	88.084419
72.887700	78.459377	83.447852	86.728514
71.976333	76.755635	84.466586	88.084419
72.432078	77.323730	84.353421	89.439403
73.684746	77.437327	84.466586	91.695704
74.367635	81.182030	83.447852	89.326523
72.545995	81.862065	85.032316	92.597534
72.659904	80.615144	83.787491	90.567864
76.641995	78.572902	87.745530	90.229391
74.026224	82.088688	85.937139	90.229391
76.187359	81.748743	86.502440	91.808454
76.528347	82.315283	88.649107	93.724279
76.982895	83.108153	87.745530	92.033936
75.505184	83.561072	88.084419	94.737838
76.187359	81.522078	88.762025	94.174809
78.118758	82.655125	88.649107	91.808454
79.140422	84.240248	89.552277	94.850426
79.821211	82.541851	89.665145	95.975984
80.728535	85.032316	90.793481	92.710236
80.048084	86.954563	89.326523	95.413278
78.913435	83.787491	88.762025	96.988490
81.635414	86.728514	89.326523	94.963008
78.686420	84.127069	91.808454	97.438343
81.182030	86.163279	91.244642	95.525831
81.182030	86.841542	90.455046	95.975984
82.768392	86.389393	93.724279	99.124485
83.787491	88.536182	91.808454	99.349209
80.955297	86.050212	94.287426	97.888105
83.447852	90.342221	91.470185	99.686252
84.013883	87.858499	92.033936	98.450181
82.541851	88.197369	95.863455	99.012115
84.806044	87.745530	94.400038	98.562579
84.466586	91.131861	94.850426	98.899739
85.710973	90.342221	95.525831	99.236850
83.108153	91.470185	93.724279	100.584792
87.293588	90.906280	96.876013	100.360190
85.597880	92.484827	96.313538	100.023246
88.423251	92.146668	95.075584	100.472494
85.258561	93.048304	98.787358	101.707474
85.145442	91.582947	95.188155	102.156396
85.937139	94.174809	99.012115	102.268612
88.987843	94.625244	95.638378	100.584792
89.213636	93.949556	96.876013	100.584792
87.293588	94.287426	97.775673	102.044173
88.536182	94.850426	100.135566	104.399725
89.552277	94.963008	100.360190	105.072315
88.310313	95.413278	99.012115	102.605231
88.649107	96.651040	97.888105	103.614800
90.906280	94.625244	100.247881	103.053981
90.116554	94.174809	101.707474	102.941802
90.342221	97.438343	102.380824	106.080852
92.710236	96.988490	100.360190	106.640972
90.793481	98.450181	100.135566	104.287609
92.597534	99.236850	99.686252	103.839091
92.822931	97.213428	100.135566	104.848139
94.850426	96.651040	100.697085	104.623943
95.300719	96.313538	100.584792	104.511837
93.048304	100.247881	102.380824	106.416939
96.088508	100.247881	103.278325	108.432511
95.300719	98.674971	102.380824	105.184396
94.963008	101.482981	103.278325	106.416939
95.525831	98.674971	104.736044	109.663460
95.300719	101.819713	102.156396	109.999071
96.313538	101.595230	104.848139	106.752981
94.963008	100.247881	102.717427	108.208638
94.737838	101.707474	106.640972	106.976983
98.225367	102.044173	106.192887	110.334638
97.325889	102.493030	104.175487	110.110931
98.562579	103.166156	103.951228	111.117462
98.450181	103.166156	104.399725	109.999071
100.135566	100.584792	105.520605	108.544440
100.584792	103.390488	105.856769	112.123607
98.225367	103.951228	105.856769	108.992107
98.000532	103.502647	108.992107	108.992107
101.258466	103.502647	105.744720	112.123607
98.337777	106.080852	108.992107	112.794159
98.899739	104.175487	105.968813	112.458904
98.787358	104.175487	107.536901	113.799674
98.787358	103.839091	107.200966	110.781995
99.573910	105.632665	110.446485	114.023071
100.023246	106.640972	109.663460	113.017639
103.502647	105.520605	111.117462	113.241100
100.472494	106.528958	109.887205	112.347143
104.175487	106.416939	110.110931	113.129372
101.482981	106.080852	109.439695	111.117462
104.175487	105.520605	108.432511	112.905901
103.614800	105.184396	109.215911	112.011831
104.063360	107.088977	111.229274	114.581485
103.502647	108.432511	110.558326	115.363074
104.399725	106.528958	113.129372	115.697973
103.839091	110.222787	110.110931	116.032832
104.960230	108.096695	112.235377	115.363074
102.941802	107.648870	110.893822	114.246450
106.864985	109.775335	113.129372	116.590843
104.960230	108.656364	114.023071	114.246450
105.296471	109.663460	111.900052	116.256050
107.088977	110.670163	113.799674	113.799674
104.960230	108.880197	113.687968	117.371873
105.968813	110.110931	111.452886	117.483431
105.520605	110.446485	114.023071	115.697973
107.872792	108.768283	111.788267	114.246450
105.296471	110.110931	112.905901	117.037172
106.080852	110.558326	112.123607	117.148743
108.880197	109.887205	115.028134	117.037172
108.768283	111.676478	112.570660	116.925596
106.416939	113.687968	114.358133	118.933296
109.663460	112.011831	115.474711	117.818080
108.320577	111.676478	112.905901	118.487261
107.760834	110.446485	114.246450	118.487261
108.096695	111.788267	115.139785	115.363074
109.327805	112.794159	115.921217	118.710287
109.439695	112.347143	117.037172	119.602221
110.670163	115.363074	113.799674	118.152689
111.900052	112.905901	115.139785	117.037172
108.544440	114.023071	115.586344	116.032832
108.768283	113.576258	117.818080	120.159543
110.670163	114.916478	116.925596	119.713694
112.905901	114.469811	117.037172	116.702431
112.794159	114.134763	117.148743	119.044794
112.011831	115.921217	117.594985	118.041157
109.775335	113.687968	116.367652	117.706534
113.352824	114.358133	118.821793	117.260310
113.352824	115.697973	119.044794	117.706534
112.682412	117.037172	118.710287	121.162460
111.452886	117.148743	118.933296	121.273874
114.469811	117.260310	118.264217	118.041157
113.687968	114.804818	116.814016	120.493886
114.693154	114.581485	118.933296	119.490744
111.788267	117.483431	119.713694	118.041157
113.017639	116.590843	118.152689	120.828191
112.682412	117.371873	120.493886	117.706534
114.804818	117.371873	117.148743	118.041157
113.352824	117.483431	120.048087	120.270995
114.023071	118.152689	117.594985	120.716760
113.576258	115.809597	120.939618	119.267777
112.905901	118.375741	117.483431	118.264217
113.017639	116.702431	119.713694	119.602221
114.916478	117.148743	117.371873	120.605325
116.367652	116.925596	119.936627	122.053662
115.809597	118.041157	117.483431	120.382442
114.804818	117.594985	121.051041	120.493886
114.246450	118.264217	120.493886	121.830886
117.706534	119.713694	118.821793	122.276422
116.925596	119.379263	121.162460	121.830886
118.041157	120.159543	121.608094	120.828191
116.367652	116.814016	119.267777	122.165044
116.479249	117.260310	117.818080	121.496691
118.152689	116.925596	118.375741	120.382442
117.818080	120.159543	118.710287	119.379263
115.251432	118.375741	118.152689	123.055954
118.041157	117.148743	122.053662	121.608094
117.260310	117.148743	119.267777	120.605325
118.264217	120.493886	118.375741	122.499166
116.256050	119.936627	120.716760	123.167300
117.706534	118.264217	119.713694	122.276422
117.371873	119.490744	121.051041	119.379263
120.270995	120.828191	119.156288	120.939618
119.156288	121.942276	121.942276	121.719492
118.933296	121.830886	121.608094	120.270995
118.821793	119.044794	121.051041	122.053662
117.594985	120.270995	120.828191	123.167300
119.490744	121.273874	121.385285	120.939618
120.159543	121.273874	123.055954	119.936627
119.602221	122.053662	121.385285	122.944605
119.156288	120.270995	120.828191	122.833251
121.051041	119.044794	119.936627	119.936627
120.270995	122.387796	121.608094	119.156288
120.048087	118.487261	121.385285	121.273874
119.267777	118.710287	123.278642	119.490744
120.048087	118.710287	119.713694	121.830886
118.933296	119.936627	121.830886	120.716760
119.490744	119.490744	121.942276	119.602221
119.825162	120.828191	122.499166	120.716760
117.818080	120.159543	120.605325	119.379263
121.385285	121.830886	122.833251	121.608094
120.716760	120.939618	122.165044	121.942276
122.165044	120.828191	120.605325	119.267777
121.942276	122.387796	120.939618	119.156288
121.942276	122.165044	119.156288	120.493886
122.276422	119.156288	119.713694	119.490744
118.821793	121.496691	119.490744	121.162460
120.828191	121.942276	122.165044	122.387796
121.273874	120.270995	122.499166	120.048087
122.721893	122.276422	119.825162	119.156288
120.159543	119.825162	121.385285	119.156288
122.721893	119.825162	120.493886	119.602221
119.156288	119.825162	119.044794	121.496691
121.942276	122.833251	118.821793	120.048087
120.605325	122.499166	120.828191	120.159543
121.942276	120.048087	121.162460	118.375741
122.721893	122.833251	122.387796	118.152689
120.939618	121.719492	121.942276	121.051041
119.936627	122.944605	122.053662	118.598776
121.273874	119.267777	120.828191	121.051041
121.942276	119.156288	121.719492	119.936627
122.833251	122.721893	121.942276	118.821793
120.716760	121.051041	118.710287	120.159543
118.933296	122.276422	121.608094	118.264217
119.713694	119.156288	121.162460	117.371873
120.493886	121.942276	121.719492	118.933296
123.278642	121.608094	119.490744	119.044794
122.833251	119.156288	118.598776	117.483431
119.602221	122.721893	119.379263	118.375741
122.499166	118.933296	121.496691	117.706534
122.944605	119.825162	119.044794	117.483431
120.048087	122.276422	121.608094	120.270995
122.610531	121.273874	117.929620	117.037172
119.825162	120.159543	119.602221	117.037172
122.833251	121.273874	119.936627	119.936627
121.273874	121.608094	121.719492	120.159543
122.721893	122.053662	118.041157	117.371873
120.159543	119.156288	121.496691	118.821793
122.053662	118.487261	119.936627	119.044794
122.053662	121.719492	117.594985	118.487261
120.493886	120.939618	120.939618	119.044794
118.933296	121.385285	118.821793	115.139785
119.825162	119.825162	117.483431	118.933296
120.939618	119.044794	119.936627	118.710287
119.602221	118.041157	119.825162	115.697973
121.051041	121.273874	120.048087	115.921217
120.939618	121.942276	120.048087	117.148743
119.602221	121.162460	117.818080	115.809597
118.710287	119.936627	117.818080	114.581485
119.936627	121.273874	116.814016	117.929620
118.933296	121.051041	119.602221	115.586344
119.267777	120.048087	118.041157	116.256050
120.159543	117.260310	119.267777	113.911375
119.379263	118.375741	118.264217	115.586344
122.276422	119.602221	118.598776	114.804818
121.608094	120.048087	115.697973	115.028134
118.152689	116.814016	118.152689	114.134763
121.830886	118.598776	118.152689	112.682412
120.605325	116.590843	117.594985	116.479249
119.936627	119.490744	115.697973	115.586344
120.493886	118.821793	115.474711	115.586344
119.602221	119.379263	115.697973	111.788267
119.602221	118.710287	115.809597	113.129372
117.594985	117.148743	116.479249	115.139785
119.267777	119.825162	115.363074	113.352824
117.260310	119.825162	117.260310	112.794159
120.159543	116.925596	115.921217	112.794159
119.490744	115.586344	114.804818	111.452886
120.939618	118.933296	117.148743	112.905901
119.379263	115.363074	114.581485	111.341082
118.933296	115.251432	116.367652	111.117462
119.936627	118.821793	115.028134	110.558326
117.706534	117.037172	116.032832	110.446485
117.706534	117.594985	115.809597	110.222787
117.037172	116.256050	115.697973	111.452886
116.256050	118.487261	111.900052	111.452886
117.148743	114.693154	112.011831	109.551580
118.041157	117.929620	111.452886	108.656364
117.260310	114.916478	113.352824	110.110931
117.371873	117.483431	113.464544	109.104011
117.594985	115.028134	114.804818	109.887205
118.933296	116.590843	113.911375	109.887205
118.933296	114.358133	114.246450	108.208638
119.156288	115.921217	110.558326	110.110931
116.925596	113.352824	109.887205	106.752981
116.702431	116.144443	110.222787	106.416939
115.586344	115.809597	112.794159	109.439695
117.260310	113.352824	112.570660	109.775335
117.929620	112.905901	111.117462	105.632665
114.469811	111.788267	110.222787	108.432511
115.697973	112.235377	109.775335	105.856769
117.037172	111.900052	108.544440	106.976983
115.251432	114.581485	108.656364	108.432511
114.023071	111.005644	108.544440	107.760834
114.358133	113.129372	108.992107	106.304916
116.032832	114.246450	111.341082	107.760834
113.464544	110.893822	109.439695	106.864985
116.590843	110.334638	110.558326	106.640972
114.246450	112.123607	109.439695	104.736044
113.576258	113.687968	110.558326	105.744720
114.804818	110.558326	106.640972	103.166156
114.581485	111.229274	107.312949	102.941802
113.911375	111.900052	109.663460	104.623943
115.921217	109.663460	107.424928	102.380824
115.363074	110.558326	106.416939	103.390488
113.687968	109.663460	106.192887	101.595230
112.235377	108.880197	108.432511	103.726948
114.358133	110.558326	107.200966	101.370726
113.911375	107.760834	107.088977	103.614800
111.900052	107.424928	105.744720	99.686252
113.799674	109.663460	105.744720	101.931946
112.458904	110.110931	105.856769	102.044173
113.017639	110.222787	103.502647	100.472494
112.905901	106.304916	104.399725	98.562579
111.564684	107.200966	102.493030	99.124485
113.352824	107.984746	104.623943	98.112952
110.446485	109.663460	105.408541	98.899739
109.663460	106.528958	101.595230	101.370726
109.215911	105.296471	102.044173	98.112952
111.564684	107.536901	101.146201	97.550792
108.544440	105.408541	102.941802	96.876013
110.446485	104.623943	102.156396	99.124485
108.880197	104.175487	101.146201	98.450181
111.005644	106.080852	103.390488	95.525831
110.446485	107.648870	102.044173	97.550792
109.327805	105.632665	99.798589	98.787358
107.536901	102.941802	99.686252	95.300719
107.984746	105.968813	99.573910	97.663236
107.648870	105.408541	98.899739	93.724279
108.320577	103.502647	99.236850	95.975984
109.663460	102.605231	101.258466	94.287426
109.327805	104.175487	98.000532	93.611631
106.416939	103.390488	98.000532	93.048304
105.072315	101.258466	99.461562	95.413278
107.312949	103.951228	96.088508	93.498978
106.752981	104.175487	96.988490	93.724279
107.088977	103.614800	99.349209	94.287426
106.192887	100.921654	98.562579	91.019074
105.632665	102.268612	96.538545	94.287426
103.502647	100.697085	94.512644	92.597534
103.839091	99.349209	95.075584	90.116554
106.192887	101.595230	93.949556	91.019074
102.380824	102.156396	93.836920	91.019074
106.080852	100.135566	96.876013	89.890862
103.390488	99.124485	95.638378	91.357416
105.408541	98.225367	92.372113	90.116554
101.258466	99.573910	93.836920	91.244642
103.278325	97.213428	93.498978	88.197369
103.166156	99.573910	91.357416	86.728514
101.819713	96.988490	92.372113	89.552277
103.502647	96.763529	91.470185	87.971462
101.595230	99.349209	92.146668	86.728514
101.033930	96.426045	92.484827	88.649107
100.360190	96.088508	93.724279	86.615480
100.360190	96.763529	92.597534	84.353421
98.899739	94.625244	89.213636	85.032316
100.023246	96.088508	89.890862	83.561072
100.360190	93.724279	89.326523	86.502440
99.236850	96.988490	88.762025	82.994906
99.236850	93.498978	87.406583	84.579746
100.023246	92.484827	91.244642	83.334626
100.247881	93.949556	87.632554	82.655125
98.112952	92.710236	88.084419	84.240248
99.349209	92.597534	87.745530	83.674285
98.562579	91.019074	85.824059	83.447852
98.674971	93.048304	86.728514	81.748743
95.075584	91.695704	85.597880	80.841919
98.337777	90.567864	85.710973	79.594309
95.525831	90.003711	85.145442	79.367379
94.400038	90.229391	83.900690	80.274929
97.550792	91.921198	85.145442	81.635414
93.836920	90.116554	84.919183	80.388341
93.724279	91.808454	83.674285	78.232305
95.863455	90.906280	84.806044	79.934651
92.033936	88.084419	82.881653	80.274929
95.413278	88.874937	84.353421	76.755635
95.300719	88.310313	81.295387	78.913435
91.244642	87.067578	82.088688	77.664500
92.822931	87.293588	80.728535	78.686420
90.567864	85.145442	83.674285	75.846305
93.160982	85.484780	79.707763	75.391463
92.484827	86.615480	82.428571	76.869269
90.342221	86.163279	82.315283	73.343201
92.935621	85.937139	79.026932	72.659904
89.326523	84.013883	78.459377	72.773806
92.146668	85.371674	80.501746	72.773806
90.567864	85.824059	80.841919	75.163997
91.019074	83.108153	76.869269	70.950458
90.906280	82.201989	79.934651	71.748415
90.680675	82.881653	77.096514	72.773806
90.003711	82.428571	77.096514	72.318153
86.954563	82.541851	77.096514	72.432078
88.874937	83.334626	76.528347	72.090281
87.519572	80.841919	75.505184	68.325900
88.649107	82.541851	75.163997	68.896811
85.145442	80.274929	73.343201	71.064475
85.032316	80.161510	73.343201	70.608360
86.163279	81.408736	73.115465	68.325900
86.389393	79.480848	74.595204	69.467524
83.447852	78.572902	75.618898	68.554288
83.221393	80.615144	71.178484	68.325900
82.088688	76.982895	70.950458	67.069189
84.013883	78.345845	71.064475	64.552814
82.541851	75.846305	71.520466	64.323855
81.862065	78.799931	71.520466	64.438339
84.692898	78.799931	69.467524	64.094862
83.108153	76.414691	69.695754	63.980353
81.862065	77.437327	70.266191	62.261710
82.768392	75.959997	68.097479	63.751310
82.881653	76.187359	69.239263	63.063980
82.428571	75.050254	68.325900	64.552814
80.841919	72.773806	68.554288	60.655914
78.799931	74.253839	69.353398	61.344319
80.955297	74.708978	67.412025	60.885417
78.686420	73.570905	66.611961	61.688404
78.799931	72.659904	68.211693	59.278168
75.959997	70.608360	64.323855	58.933534
76.641995	71.520466	66.840591	59.507880
75.732605	71.634444	67.069189	60.655914
75.618898	72.887700	64.209362	57.209171
76.982895	68.440098	66.611961	58.588821
75.505184	67.983257	62.949395	59.622722
76.073681	68.211693	61.573718	57.669197
77.096514	69.923953	62.032413	56.633937
76.869269	67.069189	62.376345	56.633937
73.684746	67.640542	62.949395	55.022076
73.001587	68.211693	63.636776	55.597945
72.773806	68.325900	61.344319	55.597945
72.773806	69.010970	59.393028	55.482790
71.178484	65.582721	58.818639	52.600906
73.115465	67.754788	60.082006	53.639052
72.545995	65.468320	60.311595	51.677472
72.887700	64.781740	60.885417	53.062398
73.001587	64.438339	59.737556	53.177747
70.038040	65.925874	59.852382	50.175594
71.178484	63.407683	56.749002	53.062398
70.950458	62.605591	57.784181	49.713152
67.640542	64.323855	56.633937	49.713152
67.412025	62.949395	55.367625	49.481873
67.183476	62.949395	56.979104	50.637882
68.554288	59.852382	54.906875	51.331028
66.726280	60.541150	53.754355	48.324896
66.154603	63.063980	53.523740	47.398609
67.183476	61.688404	54.676444	46.935229
67.183476	59.393028	54.791664	45.428144
66.611961	60.196805	51.677472	48.093383
64.781740	59.278168	54.561216	47.051089
64.896191	56.633937	53.293087	46.471691
63.751310	58.588821	53.177747	43.570931
61.803083	58.014123	52.716293	44.267691
64.896191	58.933534	52.139264	43.919357
63.293124	56.518863	48.903506	43.919357
60.885417	57.209171	48.672091	44.731994
63.063980	57.094142	51.562000	44.615933
62.147066	54.561216	47.630240	41.943719
62.376345	57.324191	48.787804	41.245720
62.261710	55.252451	47.746041	42.060016
62.720201	53.639052	49.944393	40.430911
60.655914	54.100208	45.892043	43.106220
59.393028	53.984933	45.080114	41.478428
60.196805	51.100017	47.282779	38.916319
57.554204	53.523740	48.324896	41.012970
59.967198	52.254689	47.398609	41.012970
58.358969	52.485510	46.239861	37.399919
58.473900	49.481873	44.383782	39.032890
57.899157	52.139264	46.007992	36.115378
55.943357	50.637882	43.803225	37.399919
57.209171	50.059998	42.641344	37.516630
54.906875	50.406758	41.129350	34.829509
57.324191	46.819360	42.060016	34.478585
54.215474	48.093383	41.012970	35.647944
52.947039	46.819360	42.292578	37.166464
55.482790	47.282779	40.780178	33.659371
55.367625	48.093383	39.965074	35.531058
53.293087	47.051089	42.060016	34.829509
51.215527	44.383782	39.965074	34.595571
52.254689	43.454768	39.382539	32.956750
53.639052	46.935229	39.848588	31.550284
49.250556	43.687083	38.333304	32.722453
48.556369	43.803225	36.232210	34.010530
51.215527	41.827412	35.297253	32.136511
51.677472	44.267691	38.216668	29.320001
50.059998	43.454768	37.399919	32.605287
46.819360	44.267691	37.866698	30.611726
50.059998	42.408844	34.244580	31.433005
48.209144	40.547344	33.893488	29.672429
48.903506	41.827412	36.465839	28.497259
49.134882	41.362079	35.414161	26.261187
47.861831	41.362079	36.115378	29.320001
45.196134	37.983365	32.136511	26.496766
47.630240	40.896579	31.902054	25.672031
46.819360	38.566542	31.315713	28.497259
45.776083	37.866698	31.667552	26.378982
44.848044	39.965074	32.839607	26.732296
43.338596	37.750019	33.425209	25.789886
42.525099	36.699424	31.433005	25.672031
42.873802	37.399919	29.320001	22.603524
40.430911	34.478585	29.789882	22.485339
42.641344	37.283197	28.497259	24.964645
42.060016	37.166464	27.320914	21.894227
41.012970	35.764819	29.554965	20.829439
40.081549	34.244580	30.259576	20.355874
39.965074	32.136511	27.909234	20.947799
41.012970	34.946462	28.379678	21.657695
37.283197	31.667552	29.084990	20.592681
39.499067	33.542296	28.262085	22.012474
40.198014	32.019288	25.907730	21.066146
39.032890	31.198411	26.732296	18.578198
36.816200	29.084990	26.614537	20.474284
36.699424	29.554965	22.839858	17.747632
37.166464	31.550284	23.548561	17.272739
35.998536	31.081097	24.138810	17.272739
36.582637	31.550284	22.958006	16.560011
36.932966	29.437489	23.548561	16.441178
36.115378	30.142170	24.020785	16.441178
32.370921	28.732387	24.374824	17.153984
33.893488	26.261187	22.012474	14.776132
35.063403	26.378982	23.548561	17.035215
32.488110	26.025561	20.474284	15.846814
34.478585	28.262085	19.408136	15.846814
32.253722	28.026863	21.894227	14.895149
29.554965	24.492813	18.696799	15.252122
30.142170	24.138810	18.459584	15.371087
32.253722	23.548561	17.985001	11.796362
32.370921	23.076142	20.355874	14.180846
28.026863	24.138810	16.678832	11.676997
28.026863	24.728753	19.289612	10.960517
26.967779	24.138810	18.103666	11.796362
28.732387	21.894227	14.895149	9.047493
29.320001	20.000567	15.490038	9.765290
26.025561	21.775967	15.133144	11.438224
27.673942	21.657695	17.391482	10.602093
27.791594	21.184481	13.108493	8.568685
24.138810	21.657695	16.916434	9.526080
25.082573	19.882106	12.512272	8.808117
24.020785	19.763633	13.227697	8.448948
25.907730	20.119015	14.419000	8.568685
22.958006	20.829439	14.061749	5.571049
22.958006	18.340958	10.960517	9.406454
23.548561	19.171075	12.750801	8.089653
23.902747	19.052525	10.841056	8.808117
24.492813	16.322331	9.884875	4.249277
24.610789	18.815387	11.438224	3.888492
20.119015	15.490038	10.243546	5.090605
22.721697	17.272739	10.721581	6.771161
21.539410	17.272739	8.568685	3.407243
19.289612	14.776132	8.688408	2.925761
21.894227	15.965713	10.721581	3.407243
19.645147	16.203471	6.651214	4.850298
18.578198	13.942639	7.011014	3.888492
18.103666	11.915714	9.645692	2.684933
20.237451	14.895149	7.969860	0.876853
17.985001	13.466064	8.688408	4.369510
20.000567	12.273690	4.850298	-0.326390
17.747632	13.466064	6.891094	1.841574
17.391482	10.363075	7.370687	0.514839
18.340958	9.286814	7.850054	-1.404729
15.846814	9.884875	4.609933	-2.006514
14.895149	8.927812	6.291287	-0.087687
13.346887	11.676997	4.129030	-0.087687
14.776132	10.363075	4.489729	-0.326390
15.014153	7.610398	3.286894	0.273422
15.965713	8.927812	4.970459	0.031945
15.846814	9.526080	1.721035	-1.044555
13.466064	9.526080	4.249277	-0.924654
13.823515	8.089653	1.962098	-0.565442
14.776132	7.250810	0.876853	-2.247724
12.989276	7.370687	3.768202	-2.730944
10.721581	6.411276	-0.087687	-1.524939
9.884875	4.369510	2.082607	-2.730944
11.199398	6.171283	2.925761	-1.645225
11.079964	5.330856	0.394138	-6.383002
11.676997	6.771161	0.152691	-5.771433
7.490549	6.531252	1.118122	-6.750400
7.730233	5.811185	-1.284593	-4.064795
7.011014	3.046154	-3.336376	-7.608883
7.969860	1.118122	-2.610042	-5.527087
9.406454	2.444047	-2.006514	-7.977291
9.406454	2.203102	-2.851908	-4.429721
7.969860	2.684933	-0.685097	-6.383002
5.931232	1.238734	-3.943256	-6.505431
7.490549	2.444047	-1.765583	-7.363435
6.411276	-0.206994	-3.700338	-7.854458
8.209432	2.805355	-5.893667	-9.946403
3.768202	0.031945	-4.916979	-6.260610
6.771161	0.635525	-4.308028	-9.084088
6.771161	0.031945	-6.505431	-7.118119
4.129030	0.756196	-2.610042	-10.439674
1.962098	-0.924654	-7.118119	-10.069687
3.046154	0.997495	-7.854458	-7.608883
4.730122	-0.206994	-4.551463	-8.714906
3.527577	-3.943256	-8.345970	-9.946403
3.647897	-3.821770	-7.486143	-9.453504
1.479914	-3.094023	-6.750400	-8.837940
4.008768	-0.804835	-5.404978	-10.686443
3.647897	-2.127085	-8.345970	-8.961001
0.876853	-1.404729	-7.240760	-11.674344
-0.685097	-2.730944	-10.192994	-12.663467
0.635525	-5.404978	-10.563048	-13.777553
0.394138	-5.282911	-6.872938	-12.168760
-0.804835	-6.995511	-10.686443	-13.653700
-0.206994	-7.363435	-7.854458	-14.892925
1.118122	-3.821770	-10.809859	-13.653700
-1.404729	-4.308028	-7.977291	-11.427249
-1.284593	-5.282911	-11.180232	-13.034679
-1.164535	-5.282911	-8.100154	-13.529864
-3.821770	-7.240760	-8.837940	-12.787187
-1.284593	-4.795093	-9.330340	-16.133635
-4.551463	-9.330340	-8.961001	-14.892925
-4.551463	-6.750400	-12.787187	-15.637178
-2.247724	-6.995511	-9.453504	-16.630319
-3.094023	-9.576693	-12.292410	-17.251489
-4.551463	-7.118119	-10.809859	-13.901421
-3.457640	-9.084088	-12.416078	-15.016930
-6.627897	-9.946403	-14.149205	-17.127227
-4.429721	-11.427249	-10.563048	-16.878745
-3.094023	-9.330340	-15.264986	-16.009499
-6.015942	-11.427249	-13.901421	-18.246087
-6.872938	-11.427249	-15.761271	-17.873008
-5.771433	-8.591900	-14.644958	-16.506127
-4.551463	-9.453504	-16.381949	-15.761271
-6.260610	-12.787187	-16.257785	-17.251489
-6.750400	-11.427249	-16.878745	-16.754525
-5.160889	-11.797920	-16.878745	-18.494876
-6.260610	-13.529864	-13.158451	-17.500055
-7.118119	-13.406043	-14.768934	-20.362606
-9.453504	-11.921515	-14.892925	-17.624358
-6.995511	-12.168760	-15.016930	-18.121713
-6.750400	-13.529864	-18.121713	-17.873008
-10.563048	-11.550786	-14.520997	-20.113387
-7.731655	-13.282239	-16.009499	-17.748676
-12.045128	-12.292410	-16.754525	-20.237989
-10.439674	-12.910925	-18.743721	-17.375765
-12.539764	-15.264986	-15.761271	-19.366082
-11.427249	-16.506127	-15.264986	-18.743721
-11.921515	-13.034679	-19.490597	-21.235339
-12.292410	-14.397051	-19.864228	-21.734378
-11.180232	-15.389035	-17.997353	-18.494876
-13.901421	-15.513099	-19.615126	-19.117095
-12.539764	-15.885378	-19.739669	-21.110617
-12.168760	-16.381949	-18.868165	-20.362606
-11.550786	-15.885378	-19.117095	-22.108822
-10.316323	-17.624358	-19.366082	-21.110617
-14.273121	-14.644958	-17.002979	-19.988800
-13.529864	-15.389035	-19.988800	-21.235339
-15.016930	-16.754525	-19.988800	-21.609595
-16.009499	-17.002979	-20.362606	-22.233668
-16.257785	-16.754525	-17.873008	-20.237989
-13.529864	-17.002979	-18.868165	-19.366082
-14.520997	-15.389035	-18.992623	-20.985911
-13.529864	-15.637178	-19.739669	-22.358530
-15.389035	-16.381949	-21.609595	-23.108045
-17.127227	-18.494876	-21.110617	-22.358530
-17.375765	-18.370474	-20.487237	-24.233453
-14.149205	-20.113387	-19.864228	-20.736544
-16.133635	-19.864228	-18.992623	-21.110617
-16.754525	-20.736544	-22.983084	-23.858161
-16.133635	-19.241581	-20.611883	-22.608303
-14.397051	-19.366082	-22.483408	-22.358530
-14.644958	-18.992623	-20.736544	-24.233453
-16.133635	-19.615126	-19.988800	-23.733099
-16.630319	-19.366082	-20.736544	-20.736544
-18.992623	-20.736544	-23.858161	-25.360298
-17.873008	-21.609595	-23.358015	-22.483408
-19.864228	-18.121713	-20.611883	-21.360076
-18.494876	-20.237989	-21.609595	-23.733099
-16.506127	-21.983991	-23.358015	-23.108045
-18.992623	-19.490597	-22.483408	-22.108822
-18.494876	-22.733213	-22.233668	-21.360076
-18.743721	-20.113387	-23.733099	-24.608904
-17.375765	-18.494876	-22.983084	-24.859295
-20.362606	-19.366082	-22.733213	-22.858141
-21.360076	-21.983991	-24.358585	-21.235339
-16.878745	-21.235339	-21.110617	-25.736248
-19.117095	-19.615126	-21.983991	-24.108338
-19.117095	-20.487237	-22.108822	-24.734091
-17.997353	-21.110617	-23.358015	-23.108045
-18.121713	-21.484828	-24.859295	-25.485596
-20.861220	-21.235339	-21.235339	-24.608904
-20.487237	-21.235339	-25.610912	-25.360298
-20.113387	-20.113387	-21.859177	-25.235020
-19.117095	-21.609595	-24.483736	-25.235020
-21.859177	-22.108822	-22.233668	-22.358530
-22.983084	-21.110617	-21.235339	-25.736248
-23.358015	-20.736544	-22.733213	-24.608904
-21.484828	-21.235339	-25.610912	-21.983991
-21.859177	-20.985911	-22.108822	-22.608303
-22.733213	-22.108822	-22.358530	-23.358015
-20.237989	-22.858141	-24.233453	-22.858141
-21.484828	-21.859177	-24.734091	-23.483026
-19.864228	-23.233022	-22.358530	-21.859177
-22.233668	-21.360076	-23.483026	-22.983084
-19.739669	-21.859177	-23.858161	-23.858161
-24.233453	-22.608303	-24.233453	-22.483408
-23.233022	-22.858141	-23.608054	-24.233453
-20.113387	-22.358530	-24.483736	-24.483736
-21.609595	-24.734091	-22.608303	-25.360298
-23.233022	-23.233022	-25.861603	-26.237783
-23.233022	-24.734091	-24.734091	-23.983241
-20.736544	-22.233668	-24.233453	-24.358585
-21.609595	-23.108045	-24.608904	-25.986977
-24.483736	-25.109760	-25.861603	-25.485596
-23.233022	-25.861603	-22.733213	-22.108822
-22.983084	-23.608054	-25.861603	-22.108822
-24.483736	-23.733099	-21.734378	-21.983991
-21.360076	-23.733099	-23.858161	-24.734091
-23.483026	-22.733213	-25.986977	-22.983084
-25.485596	-26.112370	-25.485596	-22.608303
-24.734091	-21.734378	-22.233668	-23.733099
-23.108045	-24.608904	-22.358530	-24.734091
-25.610912	-22.608303	-25.485596	-21.484828
-25.109760	-23.858161	-22.108822	-23.233022
-24.734091	-26.112370	-25.736248	-23.483026
-25.485596	-21.859177	-21.360076	-24.483736
-21.983991	-26.112370	-22.358530	-24.608904
-22.108822	-21.609595	-25.861603	-25.235020
-25.109760	-23.358015	-22.733213	-21.859177
-24.233453	-22.858141	-22.233668	-23.108045
-24.608904	-23.983241	-22.858141	-24.358585
-23.358015	-21.983991	-24.734091	-20.985911
-23.483026	-22.358530	-23.233022	-23.858161
-24.233453	-22.233668	-22.608303	-21.360076
-25.360298	-23.233022	-23.233022	-22.858141
-23.233022	-22.733213	-21.110617	-20.113387
-24.233453	-22.733213	-21.734378	-22.608303
-24.608904	-22.358530	-25.485596	-23.608054
-24.859295	-24.734091	-23.858161	-20.861220
-22.108822	-22.858141	-22.983084	-22.233668
-22.483408	-25.861603	-21.609595	-19.117095
-23.108045	-25.736248	-23.858161	-20.487237
-21.609595	-25.109760	-23.358015	-23.358015
-25.235020	-25.109760	-22.983084	-18.992623
-23.858161	-22.608303	-23.858161	-20.611883
-24.358585	-22.358530	-24.483736	-19.366082
-21.609595	-23.233022	-22.983084	-22.733213
-23.733099	-22.608303	-22.233668	-19.615126
-23.733099	-24.108338	-22.608303	-21.983991
-25.986977	-24.734091	-23.108045	-22.233668
-23.108045	-22.108822	-21.235339	-19.490597
-22.233668	-25.485596	-20.487237	-19.117095
-21.484828	-24.608904	-23.233022	-17.997353
-21.484828	-22.608303	-22.733213	-17.873008
-25.235020	-21.235339	-22.983084	-19.615126
-23.983241	-23.358015	-19.864228	-19.739669
-24.734091	-22.983084	-22.608303	-18.743721
-24.984518	-22.108822	-19.615126	-17.127227
-23.358015	-22.858141	-19.366082	-16.754525
-25.736248	-21.609595	-19.241581	-17.748676
-24.734091	-24.108338	-22.858141	-18.619291
-21.609595	-24.358585	-20.736544	-16.630319
-22.233668	-24.233453	-21.235339	-18.246087
-21.484828	-23.483026	-19.490597	-19.864228
-23.983241	-21.859177	-21.609595	-17.002979
-24.984518	-21.859177	-19.739669	-19.490597
-21.360076	-19.615126	-19.739669	-17.997353
-21.484828	-22.233668	-21.484828	-16.381949
-22.233668	-19.988800	-20.362606	-14.768934
-23.608054	-20.113387	-20.362606	-17.997353
-23.733099	-21.484828	-19.490597	-17.500055
-22.358530	-22.233668	-17.127227	-16.630319
-24.734091	-19.117095	-19.241581	-16.878745
-23.733099	-19.490597	-16.506127	-14.768934
-21.110617	-18.246087	-18.743721	-13.653700
-21.734378	-22.108822	-16.630319	-16.754525
-22.608303	-19.241581	-17.002979	-14.768934
-19.739669	-22.608303	-15.761271	-14.520997
-22.108822	-20.362606	-18.370474	-14.273121
-21.360076	-20.237989	-19.739669	-16.381949
-21.235339	-20.985911	-19.117095	-16.381949
-22.108822	-21.110617	-19.241581	-12.168760
-22.608303	-18.121713	-16.506127	-16.009499
-22.608303	-17.624358	-15.016930	-15.389035
-20.237989	-18.121713	-18.619291	-15.264986
-19.117095	-16.878745	-17.002979	-13.158451
-19.739669	-17.500055	-17.748676	-11.797920
-20.611883	-18.868165	-17.127227	-11.056754
-22.608303	-18.246087	-14.397051	-10.686443
-18.868165	-19.241581	-15.140951	-11.427249
-20.985911	-17.500055	-12.910925	-10.686443
-18.246087	-15.513099	-14.149205	-13.777553
-19.615126	-16.133635	-15.513099	-10.069687
-19.864228	-17.748676	-16.754525	-10.686443
-19.490597	-17.251489	-12.292410	-11.550786
-20.611883	-15.885378	-14.520997	-11.303731
-19.241581	-14.520997	-11.797920	-11.550786
-20.362606	-17.624358	-11.797920	-11.674344
-17.251489	-17.748676	-11.427249	-9.330340
-20.113387	-14.025306	-13.282239	-8.100154
-20.985911	-16.381949	-11.797920	-9.946403
-17.748676	-17.375765	-14.149205	-9.084088
-19.864228	-13.529864	-9.823142	-6.995511
-19.864228	-14.892925	-9.946403	-8.591900
-16.257785	-17.002979	-12.787187	-8.961001
-17.002979	-15.637178	-9.084088	-7.486143
-17.002979	-14.397051	-10.316323	-6.872938
-18.370474	-12.539764	-8.591900	-8.961001
-15.513099	-15.637178	-10.686443	-8.345970
-16.257785	-13.158451	-9.699906	-4.916979
-15.016930	-13.034679	-8.345970	-3.821770
-14.520997	-15.761271	-12.045128	-4.064795
-14.644958	-12.416078	-8.345970	-5.160889
-15.885378	-14.149205	-8.591900	-2.851908
-17.251489	-11.180232	-6.750400	-5.282911
-15.761271	-11.427249	-7.240760	-2.972935
-13.777553	-14.520997	-10.192994	-5.893667
-17.251489	-13.901421	-5.893667	-4.429721
-13.901421	-11.550786	-9.576693	-5.038911
-13.777553	-9.699906	-7.486143	-2.972935
-15.761271	-9.823142	-7.731655	-4.064795
-13.034679	-10.069687	-8.591900	-1.284593
-15.140951	-10.439674	-7.240760	-3.821770
-12.910925	-12.045128	-4.064795	-0.326390
-12.416078	-11.674344	-7.240760	-1.044555
-15.264986	-9.576693	-6.505431	0.514839
-11.674344	-8.468921	-4.916979	-1.645225
-14.892925	-8.345970	-3.700338	-1.404729
-11.674344	-7.854458	-5.404978	1.962098
-11.674344	-10.933296	-4.551463	-1.645225
-13.034679	-8.223047	-2.610042	0.514839
-13.529864	-7.240760	-4.551463	-1.284593
-13.529864	-9.823142	-2.972935	1.359332
-12.910925	-6.138257	-3.094023	-0.326390
-13.282239	-6.260610	-4.186386	3.527577
-8.591900	-4.916979	-4.673254	0.394138
-9.330340	-7.977291	-4.308028	4.489729
-8.837940	-6.260610	-2.610042	2.082607
-9.330340	-4.308028	-2.489204	4.008768
-9.576693	-5.404978	-2.006514	2.805355
-9.946403	-5.282911	-2.368431	3.407243
-10.809859	-5.404978	-2.610042	5.811185
-10.069687	-6.383002	-2.368431	5.811185
-7.240760	-3.700338	2.323581	6.531252
-6.750400	-5.893667	2.564497	6.891094
-8.714906	-5.771433	-1.404729	6.771161
-7.240760	-1.765583	3.407243	5.330856
-5.649239	-1.524939	-0.685097	7.250810
-9.453504	-2.489204	-0.326390	5.090605
-7.608883	-1.044555	0.152691	9.167161
-7.977291	-4.186386	1.841574	7.490549
-7.363435	-0.087687	0.876853	7.730233
-6.995511	-0.924654	4.369510	10.363075
-4.186386	-1.164535	3.527577	9.406454
-5.771433	-2.247724	2.684933	10.482591
-4.064795	-1.044555	2.925761	11.796362
-5.649239	0.273422	4.249277	8.688408
-4.551463	-1.524939	4.249277	8.808117
-3.821770	1.600482	5.691124	8.688408
-3.457640	0.031945	5.210738	13.227697
-4.064795	-0.087687	4.970459	13.704378
-5.160889	0.876853	5.811185	11.557617
-4.429721	3.286894	6.771161	13.704378
-0.804835	3.527577	6.171283	12.035053
-2.368431	0.997495	8.568685	14.299930
-1.284593	1.962098	7.011014	13.704378
0.273422	4.369510	7.130919	11.796362
-2.006514	3.407243	9.406454	13.823515
-1.886013	4.850298	8.808117	14.061749
-0.924654	6.531252	11.438224	15.371087
1.359332	6.411276	9.406454	16.560011
0.756196	4.609933	9.286814	17.391482
0.876853	4.008768	10.482591	15.727902
-0.087687	8.209432	9.167161	18.815387
1.721035	8.089653	9.406454	17.391482
1.479914	6.891094	10.721581	18.933962
-0.087687	9.286814	11.796362	19.645147
2.684933	6.771161	10.721581	18.103666
2.203102	9.286814	14.419000	18.340958
3.888492	7.850054	15.490038	18.815387
4.249277	10.124002	13.585228	17.747632
3.286894	10.243546	14.180846	19.408136
2.444047	8.568685	16.678832	18.933962
4.129030	10.721581	14.061749	20.000567
5.691124	10.243546	15.490038	23.076142
6.051264	10.482591	15.727902	21.894227
6.411276	10.960517	16.797639	20.829439
4.489729	12.989276	17.628928	21.539410
7.370687	12.035053	16.916434	23.312376
5.811185	13.823515	19.171075	24.492813
8.329197	12.273690	19.763633	21.775967
9.765290	14.180846	17.985001	26.614537
5.691124	14.895149	17.153984	24.020785
7.130919	11.438224	18.340958	24.492813
8.089653	16.084599	21.657695	28.026863
9.286814	14.061749	20.119015	26.143380
9.526080	13.346887	20.711067	28.849933
10.841056	14.657101	20.119015	25.082573
10.960517	17.866323	19.645147	29.084990
10.004445	15.490038	24.256823	30.259576
12.870045	18.222318	24.138810	28.849933
10.124002	16.322331	22.603524	28.497259
10.243546	17.153984	21.184481	28.497259
13.466064	18.103666	21.775967	28.849933
14.061749	18.696799	25.789886	28.262085
14.299930	16.678832	24.728753	30.494354
15.371087	20.474284	26.967779	32.605287
12.392988	21.184481	23.666636	31.902054
11.915714	21.066146	26.378982	33.073882
16.678832	21.657695	26.732296	31.784809
15.490038	21.421113	26.378982	31.081097
13.823515	22.012474	28.732387	35.063403
14.895149	20.237451	29.202501	31.667552
14.061749	22.721697	25.907730	32.019288
16.916434	21.421113	30.376971	35.764819
16.916434	22.958006	28.614829	36.932966
19.408136	25.200489	27.791594	34.244580
16.322331	22.839858	31.433005	37.049720
16.441178	23.784698	30.729086	38.216668
18.103666	25.907730	31.784809	36.699424
19.171075	25.318393	33.073882	38.216668
19.171075	25.318393	32.722453	39.149450
19.882106	27.438602	32.722453	39.732092
20.829439	25.318393	31.433005	37.516630
19.408136	24.964645	33.425209	37.049720
23.430475	28.026863	31.784809	38.100022
19.645147	29.672429	32.956750	40.896579
22.485339	29.437489	34.010530	39.615585
24.138810	28.614829	35.998536	40.081549
22.012474	30.024752	34.829509	39.149450
23.194265	28.732387	33.425209	43.803225
23.666636	31.550284	36.582637	43.803225
22.839858	29.437489	35.180334	44.035478
22.603524	30.611726	34.712546	42.525099
26.025561	31.902054	37.283197	41.711094
24.728753	30.729086	36.816200	45.080114
27.203214	30.963771	36.816200	45.428144
26.025561	32.019288	38.449928	46.239861
25.789886	34.829509	41.129350	44.731994
26.261187	35.063403	37.866698	43.919357
26.496766	35.414161	39.382539	46.819360
26.967779	32.488110	40.896579	48.787804
27.438602	33.893488	39.382539	45.776083
29.202501	36.465839	40.081549	49.828777
29.320001	34.127561	40.081549	46.935229
32.136511	34.595571	43.454768	47.746041
30.376971	38.100022	42.990016	50.984498
31.550284	37.166464	41.362079	48.093383
31.667552	36.465839	43.803225	47.861831
33.893488	38.566542	45.196134	51.215527
33.191002	40.198014	44.499862	51.215527
32.839607	38.333304	46.703480	51.331028
31.550284	41.478428	46.239861	53.062398
33.659371	40.314468	43.919357	53.869648
34.712546	41.827412	44.848044	50.984498
35.297253	38.449928	46.703480	53.639052
34.244580	40.780178	47.166939	52.600906
33.191002	39.499067	49.828777	53.177747
34.244580	43.106220	49.828777	54.330730
34.595571	40.896579	48.903506	55.597945
38.683145	43.803225	47.514430	56.864057
35.180334	41.478428	50.291181	56.864057
36.465839	45.428144	48.440637	57.784181
39.499067	42.873802	52.139264	57.899157
38.916319	44.499862	48.787804	55.022076
39.266000	42.873802	50.984498	58.244029
39.032890	45.196134	53.293087	58.358969
39.732092	47.514430	50.984498	59.967198
41.711094	46.819360	54.791664	58.014123
42.873802	47.398609	53.523740	57.899157
41.594767	45.544134	52.254689	60.082006
43.570931	48.672091	54.445977	58.244029
40.896579	49.481873	53.293087	60.655914
41.245720	50.868969	56.749002	61.114885
42.292578	50.291181	53.408418	59.737556
41.711094	51.677472	55.482790	62.032413
44.615933	48.672091	57.324191	63.063980
42.292578	48.556369	56.518863	63.063980
46.703480	48.903506	59.278168	62.261710
44.151590	53.523740	57.899157	65.697114
44.151590	49.944393	56.749002	63.865836
48.209144	51.215527	60.311595	65.353910
46.935229	54.676444	58.244029	66.268954
44.848044	54.906875	59.163299	64.094862
46.471691	53.062398	58.473900	67.754788
47.746041	52.370104	60.541150	65.125067
48.093383	54.445977	60.426377	66.611961
48.903506	53.984933	60.426377	69.125120
47.514430	54.676444	60.655914	65.925874
48.209144	57.554204	62.261710	66.268954
51.331028	55.597945	63.293124	70.380255
